5.	1.636206009257347e12
5.25	1.4480067551390981e12
5.5	1.274053710059147e12
5.75	1.1273956023199307e12
6.	1.0001697162501263e12
6.25	8.890138960620139e11
6.5	7.936118004103428e11
6.75	7.118834043440386e11
7.	6.405270860014812e11
7.25	5.77912678393742e11
7.5	5.23548426156834e11
7.75	4.753082253042088e11
8.	4.306763436806086e11
8.25	3.9085355219818274e11
8.5	3.5518568832046515e11
8.75	3.2343196882737054e11
9.	2.956820568588203e11
9.25	2.7086257428765604e11
9.5	2.4859866355756537e11
9.75	2.285714812627906e11
10.	2.105085644589963e11
10.25	1.941756708263311e11
10.5	1.7987137890040088e11
10.75	1.6700692544536853e11
11.	1.5539673340661453e11
11.25	1.4426925161096384e11
11.5	1.3382246151099203e11
11.75	1.2424433746187549e11
12.	1.1544411947841212e11
12.25	1.0737172784402167e11
12.5	1.001459726767241e11
12.75	9.351797009064532e10
13.	8.74291564289221e10
13.25	8.18276180652426e10
13.5	7.666710711213676e10
13.75	7.190641325430032e10
14.	6.7508712652797356e10
14.25	6.34412472988925e10
14.5	5.967315444397433e10
14.75	5.6203962425176704e10
15.	5.306111171235643e10
15.25	5.015548395878703e10
15.5	4.746644438882156e10
15.75	4.497540411819446e10
16.	4.266558352743423e10
16.25	4.0379662362619934e10
16.5	3.8184911576501274e10
16.75	3.6129107614310585e10
17.	3.420182968233455e10
17.25	3.239356009639393e10
17.5	3.069560272377915e10
17.75	2.9099855380627728e10
18.	2.763033029999325e10
18.25	2.625856724722664e10
18.5	2.4970964076567936e10
18.75	2.3761507967664097e10
19.	2.262419007573011e10
19.25	2.1554259321788555e10
19.5	2.0547194480029438e10
19.75	1.959870212449288e10
20.	1.870482588330113e10
20.25	1.786192109100672e10
20.5	1.7066599054007864e10
20.75	1.631534427723177e10
21.	1.5605651075870733e10
21.25	1.4934890485900595e10
21.5	1.4300585038310356e10
21.75	1.3700436506832235e10
22.	1.3145567535251724e10
22.25	1.262229337637824e10
22.5	1.2127803368445513e10
22.75	1.16602751516198e10
23.	1.1218084595084822e10
23.25	1.0799681949249765e10
23.5	1.0374780514873455e10
23.75	9.959454545694313e9
24.	9.563825363452925e9
24.25	9.186805232323614e9
24.5	8.827374228104559e9
24.75	8.484578455511325e9
25.	8.157404173593967e9
25.25	7.845031434834441e9
25.5	7.546768445282177e9
25.75	7.261873024991245e9
26.	6.989643947977092e9
26.25	6.729433469327684e9
26.5	6.480618648204324e9
26.75	6.242635601353915e9
27.	6.017351129943044e9
27.25	5.804278397657638e9
27.5	5.600625245267824e9
27.75	5.405914366279067e9
28.	5.21969701980935e9
28.25	5.041549754676518e9
28.5	4.871073102894139e9
28.75	4.707890107875785e9
29.	4.551621443276789e9
29.25	4.401953280056058e9
29.5	4.258568129235662e9
29.75	4.121165736097773e9
30.	3.9894622689387617e9
30.25	3.863188631673166e9
30.5	3.7420897464789186e9
30.75	3.625925312692666e9
31.	3.514467246622976e9
31.25	3.40749918209514e9
31.5	3.3048159516562366e9
31.75	3.206222942377357e9
32.	3.1115354575009823e9
32.25	3.0205780904174337e9
32.5	2.9331809040904055e9
32.75	2.849186098759176e9
33.	2.7684074327483034e9
33.25	2.6907064342174935e9
33.5	2.615979391073113e9
33.75	2.54554179096976e9
34.	2.4730234535981708e9
34.25	2.4006668520791755e9
34.5	2.330842162776069e9
34.75	2.263447595410935e9
35.	2.1983860456098256e9
35.25	2.135564856577948e9
35.5	2.0748955851686242e9
35.75	2.0162937664226856e9
36.	1.9596507235373082e9
36.25	1.9048959732488756e9
36.5	1.8519778830472775e9
36.75	1.800826071110192e9
37.	1.7513678996867938e9
37.25	1.7035406749286988e9
37.5	1.657286166432748e9
37.75	1.612545257119947e9
38.	1.5692614632225657e9
38.25	1.5273809735981092e9
38.5	1.4868520389832041e9
38.75	1.447624694238657e9
39.	1.4096516796086538e9
39.25	1.3728875743773313e9
39.5	1.3372887040655308e9
39.75	1.3028131402586517e9
40.	1.2694207408201509e9
40.25	1.237072949398363e9
40.5	1.20573241988141e9
40.75	1.1753636044116533e9
41.	1.1459318545181344e9
41.25	1.1174044087549312e9
41.5	1.0897506117472336e9
41.75	1.0629402150259658e9
42.	1.0369441912372586e9
42.25	1.0117771288282801e9
42.5	9.877345605133189e8
42.75	9.644307147504352e8
43.	9.418401160019987e8
43.25	9.199382795077727e8
43.5	8.986967645218515e8
43.75	8.780802397013276e8
44.	8.580841347193487e8
44.25	8.386875417458851e8
44.5	8.198703462441545e8
44.75	8.016131937268283e8
45.	7.838974573157811e8
45.25	7.667052052970704e8
45.5	7.500191762005938e8
45.75	7.338227246565238e8
46.	7.180998616964371e8
46.25	7.028351716063392e8
46.5	6.880137985473622e8
46.75	6.736214265954015e8
47.	6.596441103051707e8
47.25	6.460683320623964e8
47.5	6.328789104707079e8
47.75	6.200661356033721e8
48.	6.076180890198704e8
48.25	5.955232733694785e8
48.5	5.837705981203172e8
48.75	5.723493508960495e8
49.	5.612492103164265e8
49.25	5.496317240336722e8
49.5	5.378728426458265e8
49.75	5.2640835709384483e8
50.	5.152299101196896e8
50.25	5.0432941496989167e8
50.5	4.936990208232636e8
50.75	4.833309363049998e8
51.	4.7321805960564333e8
51.25	4.6335328609069175e8
51.5	4.537297388814477e8
51.75	4.443403166964675e8
52.	4.351787982295678e8
52.25	4.2623909418511283e8
52.5	4.175151841452486e8
52.75	4.090011994938249e8
53.	4.006914521144033e8
53.25	3.925804281916557e8
53.5	3.846627797326518e8
53.75	3.769333251849798e8
54.	3.694735520025093e8
54.25	3.622074621396093e8
54.5	3.5511530355139077e8
54.75	3.481923893546905e8
55.	3.4143417531066704e8
55.25	3.348364291254836e8
55.5	3.283948826137831e8
55.75	3.221051805920388e8
56.	3.159633120785504e8
56.25	3.099653733572974e8
56.5	3.041075711787683e8
56.75	2.98386246301189e8
57.	2.9279783473559874e8
57.25	2.873388780909833e8
57.5	2.8200418311503875e8
57.75	2.7678739233355314e8
58.	2.716901774351434e8
58.25	2.667094337125747e8
58.5	2.6184218937653908e8
58.75	2.5708557434296173e8
59.	2.5243677660288665e8
59.25	2.4789306433328837e8
59.5	2.4345178339697865e8
59.75	2.3911035444834116e8
60.	2.3486626742447725e8
60.25	2.3071709244487715e8
60.5	2.2666046048684275e8
60.75	2.2269309668285832e8
61.	2.188136477717777e8
61.25	2.15020010253137e8
61.5	2.113100703606435e8
61.75	2.0768177201228467e8
62.	2.0413311541344377e8
62.25	2.00662155927022e8
62.5	1.9726700191348886e8
62.75	1.939441648213961e8
63.	1.9069029100821936e8
63.25	1.8750683362122065e8
63.5	1.8439211223225293e8
63.75	1.8134451764590788e8
64.	1.7836244475427943e8
64.25	1.7544433098524514e8
64.5	1.7258863786558008e8
64.75	1.697939022318715e8
65.	1.6705868259022242e8
65.25	1.6438141999005273e8
65.5	1.617608261318935e8
65.75	1.591956424090654e8
66.	1.566845727802681e8
66.25	1.5422635470614335e8
66.5	1.5181975833897707e8
66.75	1.4946358612449554e8
67.	1.4715667050027966e8
67.25	1.4489787391018477e8
67.5	1.4268608815083677e8
67.75	1.4052023278317526e8
68.	1.3839925577050164e8
68.25	1.3632213135886636e8
68.5	1.3428785967223886e8
68.75	1.3229546603207818e8
69.	1.3034400024324723e8
69.25	1.2843253591137415e8
69.5	1.2657702703766537e8
69.75	1.2476447591107213e8
70.	1.2298940336927052e8
70.25	1.2125096612883288e8
70.5	1.1954834221745943e8
70.75	1.1788073038046817e8
71.	1.1624734950497246e8
71.25	1.1462058723579583e8
71.5	1.1284885228876197e8
71.75	1.111094384511702e8
72.	1.0940168320377383e8
72.25	1.0772493400314094e8
72.5	1.0607854670640326e8
72.75	1.0446192038734058e8
73.	1.0287445148566455e8
73.25	1.0131555033679773e8
73.5	9.978464032765895e7
73.75	9.828115664262117e7
74.	9.680455077701725e7
74.25	9.535428471015689e7
74.5	9.392983154936637e7
74.75	9.253067788312522e7
75.	9.115632148509143e7
75.25	8.980627107300057e7
75.5	8.848004629714836e7
75.75	8.71771775159311e7
76.	8.589660356524421e7
76.25	8.463713986866668e7
76.5	8.339966631171729e7
76.75	8.218375409862658e7
77.	8.098898375861925e7
77.25	7.981494419036324e7
77.5	7.866123492606795e7
77.75	7.752719818439943e7
78.	7.641263238218972e7
78.25	7.531723987782665e7
78.5	7.42406530755763e7
78.75	7.318251231581728e7
79.	7.214245043931139e7
79.25	7.112011800386597e7
79.5	7.011519675746873e7
79.75	6.912735173840137e7
80.	6.815626574475859e7
80.25	6.720162228772852e7
80.5	6.626311234855063e7
80.75	6.534043301629347e7
81.	6.443328774235511e7
81.25	6.354138618048311e7
81.5	6.266444404664182e7
81.75	6.180218297766629e7
82.	6.0954330389143996e7
82.25	6.0120578600805305e7
82.5	5.9300667898802824e7
82.75	5.8494380029717445e7
83.	5.770146429424733e7
83.25	5.69216751771717e7
83.5	5.6154772146657996e7
83.75	5.5400519532567196e7
84.	5.465868644801227e7
84.25	5.3929046722098365e7
84.5	5.321137897316873e7
84.75	5.25054659440618e7
85.	5.181109477484356e7
85.25	5.112805703121508e7
85.5	5.045614766037711e7
85.75	4.9795165871451415e7
86.	4.91449168636432e7
86.25	4.850520836153605e7
86.5	4.78758519113401e7
86.75	4.725666279621508e7
87.	4.664745992312894e7
87.25	4.604806581003986e7
87.5	4.545830648560905e7
87.75	4.487801137422383e7
88.	4.430701324380923e7
88.25	4.37451481325808e7
88.5	4.319225527850599e7
88.75	4.26481770324604e7
89.	4.211275882407155e7
89.25	4.158584909249106e7
89.5	4.10672991932878e7
89.75	4.0556961482409045e7
90.	4.005468861037597e7
90.25	3.9560346474194534e7
90.5	3.907556198725634e7
90.75	3.8600105489191875e7
91.	3.8132163003342055e7
91.25	3.767160402309122e7
91.5	3.721830056501158e7
91.75	3.677212710817518e7
92.	3.6332960556856036e7
92.25	3.5900680183514506e7
92.5	3.5475167570866466e7
92.75	3.50563065676641e7
93.	3.464398323705607e7
93.25	3.423808581710332e7
93.5	3.383850467551362e7
93.75	3.344513225739953e7
94.	3.30578630453895e7
94.25	3.2676593512638368e7
94.5	3.230122206076909e7
94.75	3.1931648779538736e7
95.	3.1567776169153295e7
95.25	3.1209508278492305e7
95.5	3.0856750956372146e7
95.75	3.0509412735988382e7
96.	3.0167402126811657e7
96.25	2.9830629999565642e7
96.5	2.9499009027942754e7
96.75	2.9172453503821563e7
97.	2.885087930467998e7
97.25	2.853420386144477e7
97.5	2.8222345997045696e7
97.75	2.7915226256402593e7
98.	2.761276659357369e7
98.25	2.7314890189360496e7
98.5	2.7021520053460747e7
98.75	2.6732577686438248e7
99.	2.6447990636897948e7
99.25	2.6167693902333304e7
99.5	2.5891571953641642e7
99.75	2.5619537611510064e7
100.	2.5351586519039698e7
100.25	2.508765251659639e7
100.5	2.4827379723665293e7
100.75	2.4570748963922728e7
101.	2.431793986571029e7
101.25	2.406889095515095e7
101.5	2.382354195430438e7
101.75	2.3581833633762658e7
102.	2.334370780911307e7
102.25	2.3109107331707086e7
102.5	2.2877976072382268e7
102.75	2.265025889175835e7
103.	2.2425901630198132e7
103.25	2.220485108610701e7
103.5	2.1965172494586866e7
103.75	2.171953185586263e7
104.	2.1477084998888195e7
104.25	2.123779862382281e7
104.5	2.1001627006088268e7
104.75	2.076852516139107e7
105.	2.0538448832296167e7
105.25	2.0311354481994648e7
105.5	2.0087198686710592e7
105.75	1.986593976328695e7
106.	1.964753632235761e7
106.25	1.9431947531462315e7
106.5	1.9219133242944498e7
106.75	1.900905393496621e7
107.	1.880167071290699e7
107.25	1.8596945299600795e7
107.5	1.8394840024366822e7
107.75	1.8195317812258545e7
108.	1.799834217347354e7
108.25	1.7803877185593568e7
108.5	1.761188750468602e7
108.75	1.742233833630895e7
109.	1.723519543004109e7
109.25	1.705042507098141e7
109.5	1.686799407045812e7
109.75	1.6687665012902614e7
110.	1.6509600036172943e7
110.25	1.6333776011927504e7
110.5	1.6160161848190453e7
110.75	1.5988726928975984e7
111.	1.5819441110161692e7
111.25	1.565227452555044e7
111.5	1.548719734481429e7
111.75	1.532417946269892e7
112.	1.516319462657358e7
112.25	1.5004204647730395e7
112.5	1.4847186893685967e7
112.75	1.4692119763573302e7
113.	1.4538976610831005e7
113.25	1.4387731190474179e7
113.5	1.4238357659047848e7
113.75	1.4090830561884059e7
114.	1.3945124827817634e7
114.25	1.3801215763079463e7
114.5	1.3659079044028353e7
114.75	1.3518690712794628e7
115.	1.338002717115779e7
115.25	1.3243065172740811e7
115.5	1.3107781818040578e7
115.75	1.2974154547866723e7
116.	1.2842161110089611e7
116.25	1.2711779562878901e7
116.5	1.2582988415110698e7
116.75	1.2455766417123884e7
117.	1.23300926325791e7
117.25	1.2205946435186554e7
117.5	1.208330750150266e7
117.75	1.1962155805555193e7
118.	1.1842471615969194e7
118.25	1.1724235491841454e7
118.5	1.1607428272549683e7
118.75	1.1492031071623888e7
119.	1.1378025295895195e7
119.25	1.1265392613177164e7
119.5	1.1154358397961264e7
119.75	1.1044771232175559e7
120.	1.093649853690922e7
120.25	1.0829522943098105e7
120.5	1.0723827442550106e7
120.75	1.061939544527944e7
121.	1.0516210107517201e7
121.25	1.0414255113528535e7
121.5	1.0313514357843079e7
121.75	1.0213971408253146e7
122.	1.0115610822329223e7
122.25	1.0018417481698366e7
122.5	9.922376183577213e6
122.75	9.827471952906368e6
123.	9.733690030294374e6
123.25	9.64101586822726e6
123.5	9.549431838015473e6
123.75	9.4589261903935e6
124.	9.369485848660514e6
124.25	9.281097091549722e6
124.5	9.19374638325577e6
124.75	9.107420380726097e6
125.	9.022105930522496e6
125.25	8.9377900659205e6
125.5	8.854460003938109e6
125.75	8.772103142501744e6
126.	8.690707057600766e6
126.25	8.610259500501104e6
126.5	8.530748395054594e6
126.75	8.452161832641272e6
127.	8.374488066984228e6
127.25	8.2977155333627695e6
127.5	8.2218170619348865e6
127.75	8.146779167826223e6
128.	8.072608498221077e6
128.25	7.999294117765763e6
128.5	7.926825243378573e6
128.75	7.855191241914405e6
129.	7.784381627871198e6
129.25	7.714386061131413e6
129.5	7.645194342365861e6
129.75	7.576796413784329e6
130.	7.509182176108705e6
130.25	7.44234197857735e6
130.5	7.376266242415124e6
130.75	7.310945441557018e6
131.	7.246361894513239e6
131.25	7.18251424081462e6
131.5	7.119393687336432e6
131.75	7.056991233238484e6
132.	6.995297997550061e6
132.25	6.934305225565784e6
132.5	6.874004280461314e6
132.75	6.814342437544195e6
133.	6.755253163268361e6
133.25	6.696829808317153e6
133.5	6.639064214309047e6
133.75	6.58194833319518e6
134.	6.5254742249904545e6
134.25	6.469634056289141e6
134.5	6.414420102015224e6
134.75	6.359824739319016e6
135.	6.305840447755774e6
135.25	6.252459807777703e6
135.5	6.199675499250369e6
135.75	6.147480300064622e6
136.	6.095867083585524e6
136.25	6.044828819585502e6
136.5	5.994358571772065e6
136.75	5.944449438721056e6
137.	5.895094693189013e6
137.25	5.846287701303395e6
137.5	5.798021887577414e6
137.75	5.750290762938336e6
138.	5.703087925362085e6
138.25	5.656407057171885e6
138.5	5.610241751340947e6
138.75	5.564585258291386e6
139.	5.519432268023034e6
139.25	5.4747767887473535e6
139.5	5.430612907712697e6
139.75	5.386934789995558e6
140.	5.343736676782391e6
140.25	5.301012884592168e6
140.5	5.258757804200227e6
140.75	5.216965899182668e6
141.	5.175631705991826e6
141.25	5.134749831948459e6
141.5	5.094314954424933e6
141.75	5.054321819916375e6
142.	5.014765242838222e6
142.25	4.97564010512413e6
142.5	4.9369413213253785e6
142.75	4.898663936348999e6
143.	4.860803029651984e6
143.25	4.82335374220854e6
143.5	4.786311277995438e6
143.75	4.749670902500966e6
144.	4.7134279420327395e6
144.25	4.677577782782978e6
144.5	4.642115870208804e6
144.75	4.607037708201597e6
145.	4.572338857964054e6
145.25	4.538014937387089e6
145.5	4.504061620360394e6
145.75	4.470474635966716e6
146.	4.437249769599381e6
146.25	4.404382865446905e6
146.5	4.371869803927301e6
146.75	4.3397065270951e6
147.	4.307889028404891e6
147.25	4.2764133416125765e6
147.5	4.24527556716431e6
147.75	4.2144718527061585e6
148.	4.1839983904121798e6
148.25	4.1538514205458504e6
148.5	4.1240272306472627e6
148.75	4.0945221549066193e6
149.	4.0653325802357653e6
149.25	4.036454954435064e6
149.5	4.007885718232109e6
149.75	3.9796204270545e6
150.	3.949984347625559e6
150.25	3.917905005670518e6
150.5	3.886127609776926e6
150.75	3.85464898754581e6
151.	3.823466222333289e6
151.25	3.7925762713124296e6
151.5	3.761976122876356e6
151.75	3.731662811912855e6
152.	3.7016334004097725e6
152.25	3.67188498364361e6
152.5	3.64241468976093e6
152.75	3.6132196793656717e6
153.	3.5842971451094896e6
153.25	3.555644311290567e6
153.5	3.527258433454464e6
153.75	3.499136797996026e6
154.	3.4712767217904106e6
154.25	3.4436750006219726e6
154.5	3.4163287526490656e6
154.75	3.389236183398928e6
155.	3.3623947250227197e6
155.25	3.3358018433114854e6
155.5	3.3094550312960376e6
155.75	3.2833518089375915e6
156.	3.2574897237639106e6
156.25	3.231866350529199e6
156.5	3.206479290876885e6
156.75	3.181326173009052e6
157.	3.156404651359716e6
157.25	3.13171240629253e6
157.5	3.1072471437335345e6
157.75	3.08300659488545e6
158.	3.058988515564501e6
158.25	3.0351906850999994e6
158.5	3.01161091056614e6
158.75	2.988247021239639e6
159.	2.965096870170671e6
159.25	2.94215833332901e6
159.5	2.91942931082699e6
159.75	2.896900045685762e6
160.	2.8745644695823616e6
160.25	2.8524311855748147e6
160.5	2.8304982401251635e6
160.75	2.8087636601786115e6
161.	2.7872254808911327e6
161.25	2.765881761344579e6
161.5	2.7447305805672836e6
161.75	2.7237700385338105e6
162.	2.702998255912193e6
162.25	2.682413304360128e6
162.5	2.6620133835001835e6
162.75	2.6417966984037957e6
163.	2.6217614494176814e6
163.25	2.6019058580788868e6
163.5	2.5822181922607473e6
163.75	2.56270661151899e6
164.	2.5433694112175005e6
164.25	2.524204888574377e6
164.5	2.505211359137284e6
164.75	2.4863871565641705e6
165.	2.467730632492445e6
165.25	2.4492374408500856e6
165.5	2.4309086659657564e6
165.75	2.4127427119099777e6
166.	2.3947380003818646e6
166.25	2.376892969576667e6
166.5	2.359206074348908e6
166.75	2.341675786016187e6
167.	2.324300592165552e6
167.25	2.307078996462384e6
167.5	2.290009518352048e6
167.75	2.2730906929720473e6
168.	2.256321066597877e6
168.25	2.2396991867410545e6
168.5	2.2232236578304134e6
168.75	2.2068930761184515e6
169.	2.1907060526762516e6
169.25	2.1746612131793974e6
169.5	2.158757197622694e6
169.75	2.1429926606807243e6
170.	2.1273662709559943e6
170.25	2.111876711019618e6
170.5	2.0965226772501606e6
170.75	2.0813028796741234e6
171.	2.0662160417153158e6
171.25	2.0512609002471706e6
171.5	2.0364362053983954e6
171.75	2.0217407205434556e6
172.	2.007173221284919e6
172.25	1.9927322194439345e6
172.5	1.9784167657335922e6
172.75	1.964225699271308e6
173.	1.9501578461509256e6
173.25	1.9362120445794514e6
173.5	1.922387144786159e6
173.75	1.9086820088779584e6
174.	1.8950955106507302e6
174.25	1.8816265356705908e6
174.5	1.8682739809014418e6
174.75	1.8550367467096206e6
175.	1.8419137572037121e6
175.25	1.8289039462923722e6
175.5	1.8159897340017927e6
175.75	1.8031662607324182e6
176.	1.7904527140794462e6
176.25	1.7778480707270186e6
176.5	1.765351317818402e6
176.75	1.7529614528845705e6
177.	1.7406774836309813e6
177.25	1.728498427855528e6
177.5	1.716423313331887e6
177.75	1.7044511777771e6
178.	1.6925810686455285e6
178.25	1.6808120430510212e6
178.5	1.6691431689778215e6
178.75	1.6575735221596719e6
179.	1.6461021870625934e6
179.25	1.634728258378891e6
179.5	1.6234508399372732e6
179.75	1.6122690446231067e6
180.	1.601181994243572e6
180.25	1.5901888180122648e6
180.5	1.57928865306123e6
180.75	1.5684806490401172e6
181.	1.5577639644645068e6
181.25	1.5471377762172753e6
181.5	1.5366012480003887e6
181.75	1.526153558976981e6
182.	1.5157938989955788e6
182.25	1.505521465998226e6
182.5	1.4953354659181158e6
182.75	1.485235105597031e6
183.	1.4752196067424733e6
183.25	1.4652882049664797e6
183.5	1.4554401371878088e6
183.75	1.4456746480769182e6
184.	1.4359909897982741e6
184.25	1.4263884219313993e6
184.5	1.4168662113796833e6
184.75	1.407423632306814e6
185.	1.398059965938799e6
185.25	1.3887744984156743e6
185.5	1.3795665275615875e6
185.75	1.3704353557692554e6
186.	1.361380292299577e6
186.25	1.352400587573995e6
186.5	1.3434956161214272e6
186.75	1.334664720813236e6
187.	1.3259072376646015e6
187.25	1.3172225092006524e6
187.5	1.3086098843836116e6
187.75	1.300068718547238e6
188.	1.2915983733260087e6
188.25	1.2831982165898264e6
188.5	1.2748676223774166e6
188.75	1.266605970829809e6
189.	1.2584126481264532e6
189.25	1.250287045939512e6
189.5	1.2422285619697783e6
189.75	1.2342366009752366e6
190.	1.2263105726430793e6
190.25	1.2184498923965893e6
190.5	1.2106539813235987e6
190.75	1.2029222661167483e6
191.	1.1952541790144546e6
191.25	1.1876491577435636e6
191.5	1.18010997324586e6
191.75	1.172635818605715e6
192.	1.1652229599034225e6
192.25	1.157870857596781e6
192.5	1.1505790632732178e6
192.75	1.1433472724065506e6
193.	1.1361742799967916e6
193.25	1.129059925287513e6
193.5	1.122003694480237e6
193.75	1.1150050785271565e6
194.	1.1080635732531846e6
194.25	1.1011786793050626e6
194.5	1.0943499021012438e6
194.75	1.087576751782834e6
195.	1.0808587431662597e6
195.25	1.0741953956871943e6
195.5	1.0675862333613466e6
195.75	1.0610307847340934e6
196.	1.0545285828337027e6
196.25	1.0480791647267696e6
196.5	1.0416820726165099e6
196.75	1.0353368527559725e6
197.	1.0290430556447355e6
197.25	1.0228002360413369e6
197.5	1.016607933967953e6
197.75	1.0104657262036634e6
198.	1.0043731852007543e6
198.25	998329.8823163651
198.5	992335.3929501638
198.75	986389.2965035916
199.	980491.1762142429
199.25	974640.6193356388
199.5	968837.2171834277
199.75	963080.5647621818
200.	957370.315227341
200.25	951706.037830327
200.5	946087.3164816718
200.75	940513.7609130435
201.	934984.984777347
201.25	929500.605340999
201.5	924060.2434079472
201.75	918663.5232564809
202.	913310.0729133628
202.25	907999.5237343762
202.5	902731.510509441
202.75	897505.6714280146
203.	892321.6480449387
203.25	887179.0852466051
203.5	882077.6312175065
203.75	877016.9374064528
204.	871996.6583772112
204.25	867016.4521293994
204.5	862075.9797126788
204.75	857174.9053129636
205.	852312.8962210979
205.25	847489.6228018792
205.5	842704.7585019398
205.75	837957.9797156748
206.	833248.9657790303
206.25	828577.3990779347
206.5	823942.9649200838
206.75	819345.3439172675
207.	814784.2335425321
207.25	810259.3288022667
207.5	805770.3263522373
207.75	801316.9256552276
208.	796898.8288940177
208.25	792515.5979092927
208.5	788166.4038121604
208.75	783851.6326985884
209.	779570.9976000721
209.25	775323.8481083561
209.5	771107.7955711185
209.75	766925.0225336488
210.	762775.2525760179
210.25	758658.2117633957
210.5	754573.6286537171
210.75	750521.234273263
211.	746500.7620925052
211.25	742511.9479763663
211.5	738554.5302341107
211.75	734628.2495301438
212.	730732.8488751992
212.25	726868.0736071934
212.5	723033.6713674268
212.75	719229.3920608109
213.	715454.987892337
213.25	711710.213284356
213.5	707994.8248755127
213.75	704308.5727660186
214.	700651.1428357202
214.25	697022.3812668662
214.5	693422.0505682565
214.75	689849.9212901653
215.	686305.7629315926
215.25	682789.3470529858
215.5	679300.4472790095
215.75	675838.8392632823
216.	672404.3006739219
216.25	668996.6111618858
216.5	665615.5526874837
216.75	662243.0749232146
217.	658893.2953988848
217.25	655569.4322883117
217.5	652240.93062015
217.75	648382.7736778564
218.	644550.7284901972
218.25	640744.6001399385
218.5	636964.1966740792
218.75	633209.3289232887
219.	629479.8092451369
219.25	625775.4515112069
219.5	622096.0710910285
219.75	618441.4848511287
220.	614811.5111289341
220.25	611205.9697220373
220.5	607624.6848292609
220.75	604067.4848896224
221.	600534.1835737234
221.25	597024.6078814823
221.5	593538.584735776
221.75	590075.9424429171
222.	586636.5106815124
222.25	583220.1204955571
222.5	579826.6042761778
222.75	576455.7957514513
223.	573107.5299780192
223.25	569781.6433245274
223.5	566477.9734628526
223.75	563196.3593571677
224.	559936.6412495453
224.25	556698.6606527399
224.5	553482.2603360837
224.75	550287.2843153414
225.	547113.5778429544
225.25	543960.9869373966
225.5	540829.3595376991
225.75	537718.5447924861
226.	534628.3928095514
226.25	531558.7547864638
226.5	528509.4825300307
226.75	525480.430107971
227.	522471.45244637626
227.25	519482.40544496244
227.5	516513.1461361385
227.75	513563.5326743929
228.	510633.4243275422
228.25	507722.6814661567
228.5	504831.16555753455
228.75	501958.73915221606
229.	499105.2658691991
229.25	496270.61039794935
229.5	493454.63848433294
229.75	490657.216921815
230.	487878.2135420249
230.25	485117.4854662075
230.5	482374.9024364176
230.75	479650.3471278851
231.	476943.6914400098
231.25	474254.8080547733
231.5	471583.570840319
231.75	468929.8548747143
232.	466288.31894541037
232.25	463660.43543190963
232.5	461049.6858167935
232.75	458455.949191987
233.	455879.1055822973
233.25	453319.03593750036
233.5	450775.62212450075
233.75	448248.7469195753
234.	445738.29400067194
234.25	443244.14793979126
234.5	440766.19419543573
234.75	438304.31910513085
235.	435858.40987802326
235.25	433428.35458752443
235.5	431014.04201066575
235.75	428615.3619861606
236.	426232.2052304094
236.25	423864.4632018829
236.5	421512.02818763047
236.75	419174.7932963406
237.	416852.6524514587
237.25	414545.5003843745
237.5	412253.2326276705
237.75	409975.74550843367
238.	407712.93614163
238.25	405464.702423525
238.5	403230.943025192
238.75	401011.5573859636
239.	398806.44570722163
239.25	396615.5088345796
239.5	394438.64854835445
239.75	392275.7673349133
240.	390126.7683808075
240.25	387991.55560349504
240.5	385870.0336452841
240.75	383762.11661883304
241.	381667.7813061383
241.25	379586.7637474628
241.5	377519.0599610141
241.75	375464.5781551565
242.	373423.2272277019
242.25	371394.9167604797
242.5	369379.5654748912
242.75	367377.0926328457
243.	365387.3925619842
243.25	363410.3773946361
243.5	361445.9531266766
243.75	359494.0403609787
244.	357554.5533164262
244.25	355627.4068520652
244.5	353712.5164618803
244.75	351809.79833523853
245.	349919.1691828994
245.25	348040.54634336615
245.5	346173.8477536793
245.75	344318.9920352231
246.	342475.89839973836
246.25	340644.48664340953
246.5	338824.6771572164
246.75	337016.3909245271
247.	335219.5495095281
247.25	333434.0750583622
247.5	331659.8902934347
247.75	329896.91850828106
248.	328145.0835574608
248.25	326404.3098336006
248.5	324674.5223507931
248.75	322955.6466414227
249.	321247.60878636676
249.25	319550.3354105915
249.5	317863.75367878337
249.75	316187.7912910212
250.	314522.37647847424
250.25	312867.43799916026
250.5	311222.9051186603
250.75	309588.70763847354
251.	307964.7758845015
251.25	306351.0406803445
251.5	304747.4333557303
251.75	303153.88574248285
252.	301570.3301705204
252.25	299996.69946389133
252.5	298432.926936846
252.75	296878.94637377624
253.	295334.6920705485
253.25	293800.09879197105
253.5	292275.10177448357
253.75	290759.636725588
254.	289253.63945667376
254.25	287757.04474739084
254.5	286269.79190783633
254.75	284791.81848064135
255.	283323.0624841545
255.25	281863.4623767577
255.5	280412.957060922
255.75	278971.4858812332
256.	277538.9886209156
256.25	276115.40549839335
256.5	274700.67715774605
256.75	273294.74467972293
257.	271897.5495718403
257.25	270509.03375941084
257.5	269129.13958614203
257.75	267757.8098108628
258.	266394.987604278
258.25	265040.61655320565
258.5	263694.64064926974
258.75	262357.00426480727
259.	261027.65218612688
259.25	259706.5295955975
259.5	258393.5820685641
259.75	257088.75592205647
260.	255791.99730833594
260.25	254503.2528056581
260.5	253222.46953097236
260.75	251949.59497918212
261.	250684.57720945036
261.25	249427.3645297361
261.5	248177.90528734608
261.75	246936.14846006397
262.	245702.0433892328
262.25	244475.539777433
262.5	243256.5876822861
262.75	242045.11526535754
263.	240840.87853924534
263.25	239644.04599393826
263.5	238454.57040968532
263.75	237272.40102525952
264.	236097.49000878484
264.25	234929.78987568317
264.5	233769.25345001378
264.75	232615.83389895302
265.	231469.48472440938
265.25	230330.15975977026
265.5	229197.81316311625
265.75	228072.3773336247
266.	226953.8245703404
266.25	225842.11449160773
266.5	224737.20253729672
266.75	223639.04446111099
267.	222547.59632724812
267.25	221462.8145111511
267.5	220384.6556943443
267.75	219313.07686263928
268.	218248.03530335193
268.25	217189.11327825312
268.5	216136.24722258188
268.75	215089.78995207217
269.	214049.69997233048
269.25	213015.93607996384
269.5	211988.45735956944
269.75	210967.2231817484
270.	209952.19320220573
270.25	208943.327358098
270.5	207940.58567786464
270.75	206943.92853366013
271.	205953.3170051384
271.25	204968.71213599516
271.5	203990.07524345932
271.75	203017.36791153756
272.	202050.55199239816
272.25	201089.58964126187
272.5	200134.4433054139
272.75	199185.07552280626
273.	198241.4491962464
273.25	197303.52748574482
273.5	196371.27380747005
273.75	195444.65183102796
274.	194523.62547800515
274.25	193608.15892004204
274.5	192698.21657673235
274.75	191793.76311421528
275.	190894.7634427664
275.25	190001.18246635175
275.5	189112.98573059918
275.75	188230.13895586657
276.	187352.60801016787
276.25	186480.35899939117
276.5	185613.3582629939
276.75	184751.57239556144
277.	183894.96802441686
277.25	183043.51223763407
277.5	182197.1723848581
277.75	181355.91594896212
278.	180519.7106358493
278.25	179688.52437351187
278.5	178862.32531029964
278.75	178041.0818131808
279.	177224.762466138
279.25	176413.33606863103
279.5	175606.77163394893
279.75	174805.038387654
280.	174008.10576603375
280.25	173215.94341455013
280.5	172428.5211862935
280.75	171645.80914046624
281.	170867.77754087048
281.25	170094.3968544777
281.5	169325.63774977825
281.75	168561.47109539152
282.	167801.86795865078
282.25	167046.79960411295
282.5	166296.23744094415
282.75	165550.15308811748
283.	164808.51847953713
283.25	164071.30565436982
283.5	163338.4868419183
283.75	162610.03446023597
284.	161885.92111475364
284.25	161166.1195969149
284.5	160450.6028828193
284.75	159739.34155578577
285.	159032.30741928518
285.25	158329.47808741263
285.5	157630.82726192017
285.75	156936.32882262112
286.	156245.9568260982
286.25	155559.68550442485
286.5	154877.4892638976
286.75	154199.34268377538
287.	153525.2205150317
287.25	152855.0976791189
287.5	152188.94919237666
287.75	151526.75038230434
288.	150868.47667962732
288.25	150214.10367543044
288.5	149563.6071253529
288.75	148916.962948198
289.	148274.14722483588
289.25	147635.13619703738
289.5	146999.90626631936
289.75	146368.4339927977
290.	145740.69609404946
290.25	145116.669443986
290.5	144496.3310717322
290.75	143879.65816051565
291.	143266.62804656386
291.25	142657.21821801097
291.5	142051.4063138117
291.75	141449.17008319494
292.	140850.48749404834
292.25	140255.33664009097
292.5	139663.695752874
292.75	139075.5432094653
293.	138490.8575314141
293.25	137909.61738372257
293.5	137331.80157452903
293.75	136757.38905291585
294.	136186.3589072013
294.25	135618.69036607485
294.5	135054.36279666092
294.75	134493.35570350973
295.	133935.64872765477
295.25	133381.2216456353
295.5	132830.0543492584
295.75	132282.1268911863
296.	131737.41945989427
296.25	131195.91236441972
296.5	130657.58604457947
296.75	130122.42107004678
297.	129590.39815373668
297.25	129061.49813528777
297.5	128535.701940522
297.75	128012.99064944715
298.	127492.42631092257
298.25	126969.48854208
298.5	126449.57109292161
298.75	125932.65570005742
299.	125418.7242051144
299.25	124907.75860518086
299.5	124399.74099798084
299.75	123894.65359946413
300.	123392.47778150138
300.25	122893.19583585877
300.5	122396.79144134847
300.75	121903.24727866851
301.	121412.54614264981
301.25	120924.66285875504
301.5	120439.55989715343
301.75	119957.24891723227
302.	119477.71315210615
302.25	119000.93596700906
302.5	118526.90082798216
302.75	118055.5913081629
303.	117586.99108877129
303.25	117121.08395792928
303.5	116657.85381016987
303.75	116197.28464556781
304.	115739.36056923924
304.25	115284.06579076806
304.5	114831.38462290424
304.75	114381.30147286362
305.	113933.80086499071
305.25	113488.8674192835
305.5	113046.48585520021
305.75	112606.64099211466
306.	112169.31774862339
306.25	111734.50114185813
306.5	111302.13587815025
306.75	110870.28653428132
307.	110440.89824398306
307.25	110013.95533635764
307.5	109589.44300676128
307.75	109167.34689901318
308.	108747.65274956897
308.25	108330.3463876663
308.5	107915.41373466823
308.75	107502.84080343391
309.	107092.61369768818
309.25	106684.7186113963
309.5	106279.14182461057
309.75	105875.86971235859
310.	105474.88873669166
310.25	105076.1854463731
310.5	104679.7465460892
310.75	104285.55871287873
311.	103893.60873049761
311.25	103503.88514149848
311.5	103116.37353524416
311.75	102731.06055700204
312.	102347.93347785923
312.25	101966.97952783317
312.5	101588.18538389803
312.75	101211.53894706599
313.	100837.02781976982
313.25	100464.63955874907
313.5	100094.3617991504
313.75	99726.18225899595
314.	99360.08873483786
314.25	98996.0691012798
314.5	98634.1113111883
314.75	98274.20339477247
315.	97916.33345934463
315.25	97560.48968752765
315.5	97206.66033992573
315.75	96793.37828243726
316.	96371.6623766315
316.25	95952.0141438486
316.5	95534.42270105524
316.75	95118.87722724851
317.	94705.36696249059
317.25	94293.88121049349
317.5	93884.40933485185
317.75	93476.94075985493
318.	93071.4649701067
318.25	92667.97151006202
318.5	92266.44998292273
318.75	91866.89005306488
319.	91469.28144319281
319.25	91073.61393322186
319.5	90679.87736183104
319.75	90288.06162506211
320.	89898.15667798826
320.25	89510.15253375866
320.5	89124.03925650597
320.75	88739.80697000683
321.	88357.44585388234
321.25	87976.946143059
321.5	87598.29812870179
321.75	87221.49215636273
322.	86846.51862618257
322.25	86473.3679924177
322.5	86102.03076329191
322.75	85732.49729327223
323.	85364.75829368157
323.25	84998.80454295396
323.5	84634.62676149367
323.75	84272.21572237462
324.	83911.56225064256
324.25	83552.65722283037
324.5	83195.4915666755
324.75	82840.0562673164
325.	82486.34234873761
325.25	82134.3413548575
325.5	81784.04417946526
325.75	81435.44176278269
326.	81088.2150537526
326.25	80742.60620718644
326.5	80398.6657671692
326.75	80056.38511987122
327.	79715.75569977118
327.25	79376.76901060472
327.5	79039.41656829252
327.75	78703.68994168768
328.	78369.58075484553
328.25	78037.08067842424
328.5	77706.18142951734
328.75	77376.87477147492
329.	77049.15251338613
329.25	76723.00650984081
329.5	76398.42866091756
329.75	76075.41091160025
330.	75753.94295438811
330.25	75434.0141438892
330.5	75115.62151749244
330.75	74798.7571977546
331.	74483.41335103635
331.25	74169.58218700268
331.5	73857.25581358536
331.75	73546.36689700316
332.	73236.96121090563
332.25	72929.03731441028
332.5	72622.58763206762
332.75	72317.60462986203
333.	72014.08081604069
333.25	71712.00874011354
333.5	71411.38099275094
333.75	71112.19020543178
334.	70814.42905025123
334.25	70518.0902396656
334.5	70223.16652623081
334.75	69929.65070240371
335.	69637.53560024832
335.25	69346.81409125865
335.5	69057.47908606328
335.75	68769.52353424573
336.	68482.94042406576
336.25	68197.72278226304
336.5	67913.86367380581
336.75	67631.35620166974
337.	67350.19350983415
337.25	67070.36877793453
337.5	66791.87521698068
337.75	66514.70607973007
338.	66238.85465582853
338.25	65964.31427159284
338.5	65691.0782897889
338.75	65419.14008378068
339.	65148.49306201475
339.25	64879.1307472742
339.5	64611.04664599132
339.75	64344.23430005873
340.	64078.68728637832
340.25	63814.399216902064
340.5	63551.363738341
340.75	63289.57453195955
341.	63029.0253133727
341.25	62769.70983234115
341.5	62511.62187257062
341.75	62254.75525151178
342.	61999.10382016209
342.25	61744.661462867574
342.5	61491.422097122944
342.75	61239.37967338197
343.	60988.527560570175
343.25	60738.859720488595
343.5	60490.37080789286
343.75	60242.956475066574
344.	59996.60817491878
344.25	59751.42075160364
344.5	59507.388386383696
344.75	59264.505291875765
345.	59022.76571191185
345.25	58782.163889546464
345.5	58542.69415126233
345.75	58304.35084439395
346.	58067.12833584004
346.25	57831.021022813926
346.5	57596.023332666504
346.75	57362.12972271052
347.	57129.334680045795
347.25	56897.63272148955
347.5	56667.01839319611
347.75	56437.48627046121
348.	56209.030957831565
348.25	55981.6470887652
348.5	55755.329325480125
348.75	55530.07235879016
349.	55305.87090793868
349.25	55082.71972079129
349.5	54860.61357311575
349.75	54639.54726793474
350.	54419.51563657148
350.25	54200.513537966
350.5	53982.53585851496
350.75	53765.577501234635
351.	53549.633403357155
351.25	53334.698546889675
351.5	53120.7679264767
351.75	52907.83656343527
352.	52695.89950560136
352.25	52484.95074775888
352.5	52274.98572084071
352.75	52066.00029579244
353.	51857.98962524019
353.25	51650.94888734685
353.5	51444.87297899293
353.75	51239.75212434453
354.	51035.58665731393
354.25	50832.371859934865
354.5	50630.10303925784
354.75	50428.77552720666
355.	50228.38468043621
355.25	50028.92588019092
355.5	49830.39453216383
355.75	49632.78605422258
356.	49436.095909551805
356.25	49240.31957953696
356.5	49045.45256616386
356.75	48851.490395290675
357.	48658.42861639874
357.25	48466.262802457895
357.5	48274.988549792644
357.75	48084.60147794914
358.	47895.09722956321
358.25	47706.47147022893
358.5	47518.719899138225
358.75	47331.8382174317
359.	47145.822157851515
359.25	46960.66747652921
359.5	46776.369951910216
359.75	46592.92538462733
360.	46410.3295935677
360.25	46228.57842130834
360.5	46047.66774011995
360.75	45867.59343813561
361.	45688.35142505205
361.25	45509.937632016256
361.5	45332.34801149587
361.75	45155.57853716381
362.	44979.62520377613
362.25	44804.484027047765
362.5	44630.15104354413
362.75	44456.62231056141
363.	44283.89390600394
363.25	44111.96192827442
363.5	43940.82249615644
363.75	43770.47174870004
364.	43600.90583965909
364.25	43432.12095283521
364.5	43264.113327842686
364.75	43096.87924752248
365.	42930.41484484848
365.25	42764.716378125006
365.5	42599.78012513984
365.75	42435.60238305511
366.	42272.17946829876
366.25	42109.507716457054
366.5	41947.58348216725
366.75	41786.40313901137
367.	41625.96307941076
367.25	41466.25971451894
367.5	41307.28947022782
367.75	41149.04879836462
368.	40991.53416601797
368.25	40834.74205823802
368.5	40678.668978292095
368.75	40523.311447563705
369.	40368.66600545129
369.25	40214.72920926855
369.5	40061.497634144485
369.75	39908.96778467562
370.	39757.13587703283
370.25	39605.99904262113
370.5	39455.553922756815
370.75	39305.79715946874
371.	39156.72543471939
371.25	39008.33544562833
371.5	38860.62390635531
371.75	38713.587548006115
372.	38567.22311853863
372.25	38421.52738266997
372.5	38276.49712178369
372.75	38132.12913383781
373.	37988.420233273486
373.25	37845.36725092391
373.5	37702.96703207108
373.75	37561.21644169799
374.	37420.11235948332
374.25	37279.65168093039
374.5	37139.83131756188
374.75	37000.648196922244
375.	36862.09926177293
375.25	36724.181470875475
375.5	36586.8917985893
375.75	36450.2272347862
376.	36314.18478404844
376.25	36178.76146697048
376.5	36043.95432021083
376.75	35909.75241465771
377.	35776.15901159191
377.25	35643.17295825271
377.5	35510.79135099519
377.75	35379.01130101818
378.	35247.829934283094
378.25	35117.244391433305
378.5	34987.25182668296
378.75	34857.84941077839
379.	34729.03432797674
379.25	34600.803776851746
379.5	34473.15497026295
379.75	34346.08513527776
380.	34219.59151309418
380.25	34093.67135901182
380.5	33968.32194205878
380.75	33843.540544880496
381.	33719.324465066355
381.25	33595.67101334012
381.5	33472.577514079516
381.75	33350.04134837907
382.	33228.059873865575
382.25	33106.630404974225
382.5	32985.75031998261
382.75	32865.41701011874
383.	32745.627880803324
383.25	32626.38035010541
383.5	32507.6718491881
383.75	32389.499822237656
384.	32271.861726393257
384.25	32154.75482777884
384.5	32038.17680021585
384.75	31922.125151480468
385.	31806.597389981984
385.25	31691.591036587455
385.5	31577.10362470312
385.75	31463.132700206897
386.	31349.67582138103
386.25	31236.730558581396
386.5	31124.294494875725
386.75	31012.36522544591
387.	30900.940357527616
387.25	30790.017510430815
387.5	30679.594315476275
387.75	30569.66841584309
388.	30460.23746657451
388.25	30351.299134818106
388.5	30242.851099290237
388.75	30134.89105039808
389.	30027.41669017708
389.25	29920.42573215982
389.5	29813.91590137471
389.75	29707.88493451465
390.	29602.330579508973
390.25	29497.25059560743
390.5	29392.642753319873
390.75	29288.5048373841
391.	29184.834648414115
391.25	29081.62997937478
391.5	28978.888645219526
391.75	28876.608471864703
392.	28774.787296067934
392.25	28673.42296548634
392.5	28572.513338648238
392.75	28472.056284740578
393.	28372.049683624507
393.25	28272.491425719505
393.5	28173.37941207273
393.75	28074.711554278907
394.	27976.485774331355
394.25	27878.70000509121
394.5	27781.35218956974
394.75	27684.44027998939
395.	27587.962239596967
395.25	27491.916041805678
395.5	27396.299670110977
395.75	27301.11111811982
396.	27206.34833495245
396.25	27112.009350018867
396.5	27018.0922252205
396.75	26924.594996180753
397.	26831.515703847028
397.25	26738.852401041782
397.5	26646.603150341
397.75	26554.766023998243
398.	26463.33910395821
398.25	26372.320481602997
398.5	26281.708257738217
398.75	26191.500542735357
399.	26101.695456343186
399.25	26012.29112764073
399.5	25923.285695007344
399.75	25834.67730610646
400.	25746.46411778011
400.25	25658.64429599705
400.5	25571.216015999744
400.75	25484.177462445314
401.	25397.526827865426
401.25	25311.263076245923
401.5	25225.38416257857
401.75	25139.887784490416
402.	25054.77217085121
402.25	24970.035559293767
402.5	24885.67619616051
402.75	24801.692336513235
403.	24718.082244030596
403.25	24634.844191003533
403.5	24551.976458299712
403.75	24469.477335185773
404.	24387.34511945536
404.25	24305.578117314453
404.5	24224.173204802402
404.75	24143.094277681026
405.	24062.374832344187
405.25	23981.87261968925
405.5	23901.436771623696
405.75	23821.355118500658
406.	23741.62600194277
406.25	23662.24782810131
406.5	23583.21899933363
406.75	23504.537914919158
407.	23426.202982008803
407.25	23348.21261556867
407.5	23270.565238354724
407.75	23193.259280858187
408.	23116.293181275796
408.25	23039.665387944195
408.5	22963.37435189305
408.75	22887.418534124896
409.	22811.796403244003
409.25	22736.506435362357
409.5	22661.547114125446
409.75	22586.9169305636
410.	22512.613686417957
410.25	22438.635393751312
410.5	22364.981752284024
410.75	22291.651282383536
411.	22218.64251165352
411.25	22145.953974898515
411.5	22073.58421408494
411.75	22001.53177830463
412.	21929.79522373782
412.25	21858.373113617963
412.5	21787.26401819395
412.75	21716.46651469459
413.	21645.97918729269
413.25	21575.80062706934
413.5	21505.92943197832
413.75	21436.364206811002
414.	21367.10356316101
414.25	21298.14611938941
414.5	21229.490481949502
414.75	21161.135296480326
415.	21093.079206163067
415.25	21025.32085608658
415.5	20957.858897930728
415.75	20890.691990361047
416.	20823.818797720098
416.25	20757.12350225875
416.5	20689.624358708064
416.75	20622.414820273574
417.	20555.49358925029
417.25	20488.859374200918
417.5	20422.510889924037
417.75	20356.44685742202
418.	20290.666795612888
418.25	20225.172670209988
418.5	20159.947772561904
418.75	20094.99632156611
419.	20030.322933450498
419.25	19965.926347074837
419.5	19901.80530207124
419.75	19837.95861089844
420.	19774.38504972464
420.25	19711.083400603726
420.5	19648.052451450214
420.75	19585.290996009506
421.	19522.7978338283
421.25	19460.57177022506
421.5	19398.611616260732
421.75	19336.916182067962
422.	19275.484290361648
422.25	19214.31477561091
422.5	19153.40647155208
422.75	19092.75821752508
423.	19032.368858439044
423.25	18972.237244745582
423.5	18912.362232411095
423.75	18852.742799576794
424.	18793.377771583055
424.25	18734.265943415558
424.5	18675.406192829058
424.75	18616.797402954173
425.	18558.43846227015
425.25	18500.32826457791
425.5	18442.465708981636
425.75	18384.849699863735
426.	18327.479146802103
426.25	18270.352964617196
426.5	18213.470073318284
426.75	18156.82939807739
427.	18100.42986920323
427.25	18044.27042211544
427.5	17988.349997318775
427.75	17932.667540377603
428.	17877.22200189045
428.25	17822.012329835234
428.5	17767.037492375297
428.75	17712.296455096774
429.	17657.788188483442
429.25	17603.511667928087
429.5	17549.465873707944
429.75	17495.649790960186
430.	17442.062411575054
430.25	17388.70272957681
430.5	17335.56974334353
430.75	17282.662457210077
431.	17229.97983651832
431.25	17177.520924189044
431.5	17125.2847529632
431.75	17073.27034599513
432.	17021.476731085124
432.25	16969.90294065491
432.5	16918.548011724783
432.75	16867.410985891678
433.	16816.49090930577
433.25	16765.7868326478
433.5	16715.29781110642
433.75	16665.02290167202
434.	16614.96116913284
434.25	16565.11168408689
434.5	16515.473519531177
434.75	16466.045752859554
435.	16416.827465840735
435.25	16367.817744596587
435.5	16319.01567958044
435.75	16270.419945537144
436.	16222.029997636375
436.25	16173.845002278636
436.5	16125.864067039467
436.75	16078.086303719274
437.	16030.51082832247
437.25	15983.136761036529
437.5	15935.963230611818
437.75	15888.989366094303
438.	15842.214295029196
438.25	15795.637154130833
438.5	15749.257084194016
438.75	15703.073227952485
439.	15657.084735538829
439.25	15611.290760744267
439.5	15565.69046048467
439.75	15520.282995656406
440.	15475.067531176506
440.25	15430.043235927074
440.5	15385.18640097268
440.75	15340.492949730895
441.	15295.98813507656
441.25	15251.671142176581
441.5	15207.541160038463
441.75	15163.597381491376
442.	15119.839003167288
442.25	15076.26522548227
442.5	15032.875252617805
442.75	14989.668292502338
443.	14946.64355679276
443.25	14903.800258902014
443.5	14861.137619823368
443.75	14818.654862303638
444.	14776.351212731144
444.25	14734.225901131886
444.5	14692.278161151711
444.75	14650.507230040466
445.	14608.912348629656
445.25	14567.492761317148
445.5	14526.247739076372
445.75	14485.17651101289
446.	14444.27833117708
446.25	14403.552458062964
446.5	14362.998153644838
446.75	14322.61468336012
447.	14282.401315964818
447.25	14242.357322698716
447.5	14202.481980484523
447.75	14162.774568443647
448.	14123.234369076787
448.25	14083.860668247342
448.5	14044.65275516505
448.75	14005.60992236962
449.	13966.731465714425
449.25	13928.01668435043
449.5	13889.46488070997
449.75	13851.075360490828
450.	13812.847432640316
450.25	13774.78040933936
450.5	13736.873605986806
450.75	13699.12634049433
451.	13661.537935109585
451.25	13624.10771501826
451.5	13586.835008334805
451.75	13549.719146313979
452.	13512.7594633356
452.25	13475.95529688929
452.5	13439.305987559403
452.75	13402.810879009956
453.	13366.469317969682
453.25	13330.280654217135
453.5	13294.244240565886
453.75	13258.359432849767
454.	13222.625589428693
454.25	13187.042072446286
454.5	13151.608246874313
454.75	13116.323480481966
455.	13081.18714398615
455.25	13046.198611037253
455.5	13011.35725820492
455.75	12976.662464963912
456.	12942.11348753645
456.25	12907.70980763415
456.5	12873.450842754846
456.75	12839.3359838761
457.	12805.36462437842
457.25	12771.536161218006
457.5	12737.849993867865
457.75	12704.305524546511
458.	12667.338605168517
458.25	12629.827870053285
458.5	12592.438519969523
458.75	12555.170130473041
459.	12518.022278745357
459.25	12480.994543586836
459.5	12444.086505391553
459.75	12407.29774587538
460.	12370.627848973229
460.25	12334.076399892652
460.5	12297.642985426139
460.75	12261.3271939444
461.	12225.128615389734
461.25	12189.046841269368
461.5	12153.081464648883
461.75	12117.232080145648
462.	12081.498283897043
462.25	12045.879673403566
462.5	12010.37584812432
462.75	11974.986408818811
463.	11939.710957765956
463.25	11904.549098757718
463.5	11869.500437092725
463.75	11834.564579569995
464.	11799.741134482583
464.25	11765.029714092692
464.5	11730.429928795727
464.75	11695.941389654443
465.	11661.563927603076
465.25	11627.297207119338
465.5	11593.140573970828
465.75	11559.09364677193
466.	11525.15604558152
466.25	11491.327391897044
466.5	11457.607308583503
466.75	11423.99541998338
467.	11390.491351960374
467.25	11357.094731704017
467.5	11323.805187808559
467.75	11290.62235027727
468.	11257.54585051051
468.25	11224.5753212998
468.5	11191.710396756642
468.75	11158.9507124577
469.	11126.29590537869
469.25	11093.745613818417
469.5	11061.299477438204
469.75	11028.957137256248
470.	10996.718235641983
470.25	10964.582416286092
470.5	10932.54932420907
470.75	10900.618570869725
471.	10868.78747333394
471.25	10837.058043391216
471.5	10805.429931443066
471.75	10773.902789203297
472.	10742.476269660472
472.25	10711.15001720627
472.5	10679.923647534066
472.75	10648.796867325165
473.	10617.769334774965
473.25	10586.840709358958
473.5	10556.010651821538
473.75	10525.278824140558
474.	10494.644889647901
474.25	10464.108512886844
474.5	10433.669359654546
474.75	10403.327096996964
475.	10373.081393198501
475.25	10342.931917850337
475.5	10312.878341655105
475.75	10282.920336602558
476.	10253.057575905823
476.25	10223.289733996355
476.5	10193.61648652296
476.75	10164.03751032056
477.	10134.552483459205
477.25	10105.161085193697
477.5	10075.862995972331
477.75	10046.657897423587
478.	10017.545472357151
478.25	9988.525404791997
478.5	9959.597379901837
478.75	9930.761084029651
479.	9902.01620467494
479.25	9873.362430498206
479.5	9844.7994513365
479.75	9816.32695816241
480.	9787.944643094197
480.25	9759.652199378246
480.5	9731.449321416798
480.75	9703.335704743038
481.	9675.311046011195
481.25	9647.37504299381
481.5	9619.52739457815
481.75	9591.767800783682
482.	9564.095963210539
482.25	9536.51158361911
482.5	9509.014365290805
482.75	9481.604012653983
483.	9454.280231389066
483.25	9427.042728115845
483.5	9399.891210298101
483.75	9372.825386699196
484.	9345.844967146222
484.25	9318.949662531912
484.5	9292.139184814521
484.75	9265.41324702107
485.	9238.771563228825
485.25	9212.213903314907
485.5	9185.740021343627
485.75	9159.349540197238
486.	9133.042153079828
486.25	9106.81760306682
486.5	9080.67561173438
486.75	9054.615900443763
487.	9028.638191575454
487.25	9002.74220853709
487.5	8976.927675745377
487.75	8951.194318623
488.	8925.543084907204
488.25	8899.973039455295
488.5	8874.48333190769
488.75	8849.078350584756
489.	8823.763274161009
489.25	8798.527695892577
489.5	8773.371232384186
489.75	8748.293617931815
490.	8723.29458780284
490.25	8698.37387823084
490.5	8673.53122640703
490.75	8648.766370485786
491.	8624.079049571465
491.25	8599.469003719743
491.5	8574.935974283428
491.75	8550.479703624847
492.	8526.099933848353
492.25	8501.796408770542
492.5	8477.568873142147
492.75	8453.417072639362
493.	8429.340753863486
493.25	8405.339664335288
493.5	8381.413552492335
493.75	8357.56216768496
494.	8333.785260172737
494.25	8310.082581120694
494.5	8286.453882630152
494.75	8262.898917804543
495.	8239.417440330279
495.25	8216.009204958531
495.5	8192.673967329176
495.75	8169.411483965115
496.	8146.221512270264
496.25	8123.103810526741
496.5	8100.05813788969
496.75	8077.084254384762
497.	8054.181920903985
497.25	8031.350893552283
497.5	8008.590933422971
497.75	7985.901811135256
498.	7963.283291014831
498.25	7940.735138237119
498.5	7918.257118823916
498.75	7895.848999640078
499.	7873.510548390438
499.25	7851.241533616148
499.5	7829.041724691546
499.75	7806.910891820809
500.	7784.848806034737
500.25	7762.855239187532
500.5	7740.929963953436
500.75	7719.072753823583
501.	7697.283383102756
501.25	7675.561626906194
501.5	7653.907261156416
501.75	7632.320062580023
502.	7610.799808704572
502.25	7589.34627785539
502.5	7567.959249152476
502.75	7546.63850250736
503.	7525.38381862
503.25	7504.194978975702
503.5	7483.071775592961
503.75	7462.013983238042
504.	7441.02138413829
504.25	7420.093762890484
504.5	7399.230904861541
504.75	7378.432596185392
505.	7357.698623760045
505.25	7337.028775244599
505.5	7316.422839056249
505.75	7295.880604367324
506.	7275.401861102348
506.25	7254.986399933142
506.5	7234.634012280601
506.75	7214.344490309528
507.	7194.117622185483
507.25	7173.953204261617
507.5	7153.851032927044
507.75	7133.810903290268
508.	7113.83261118884
508.25	7093.915953186554
508.5	7074.060726570581
508.75	7054.266729348691
509.	7034.533760246429
509.25	7014.861618704345
509.5	6995.2497096723155
509.75	6975.698161389964
510.	6956.2068426606675
510.25	6936.775555764808
510.5	6917.404103684241
510.75	6898.09229009749
511.	6878.839919379964
511.25	6859.646796600163
511.5	6840.512727516972
511.75	6821.437518577002
512.	6802.420976911927
512.25	6783.462910335866
512.5	6764.563127342661
512.75	6745.7214371033415
513.	6726.937649616274
513.25	6708.211576047263
513.5	6689.543026772802
513.75	6670.931813646531
514.	6652.377749186553
514.25	6633.880649511016
514.5	6615.4403272214595
514.75	6597.056595062882
515.	6578.729268184234
515.25	6560.458161117795
515.5	6542.243089036721
515.75	6524.083871574462
516.	6505.980326471453
516.25	6487.932272109666
516.5	6469.939527510155
516.75	6452.001912331803
517.	6434.119246938005
517.25	6416.291352230967
517.5	6398.5180497294095
517.75	6380.799161594706
518.	6363.13451063117
518.25	6345.5239202652265
518.5	6327.967214543021
518.75	6310.46421812806
519.	6293.014756298854
519.25	6275.6186549465365
519.5	6258.275740572561
519.75	6240.985840286342
520.	6223.748781802939
520.25	6206.564393440749
520.5	6189.432504119184
520.75	6172.352943356416
521.	6155.325541267047
521.25	6138.350128559881
521.5	6121.426536535616
521.75	6104.554597084607
522.	6087.734142684636
522.25	6070.965006398658
522.5	6054.24702120753
522.75	6037.580020424133
523.	6020.96384045523
523.25	6004.398316654253
523.5	5987.883284976849
523.75	5971.418581950616
524.	5955.004044672945
524.25	5938.6395108088245
524.5	5922.324818588724
524.75	5906.05980680643
525.	5889.8443148169
525.25	5873.678182534172
525.5	5857.561250429195
525.75	5841.4933595277735
526.	5825.474351408418
526.25	5809.504068200298
526.5	5793.582352581126
526.75	5777.7090477750935
527.	5761.883997550821
527.25	5746.107046219262
527.5	5730.37803863169
527.75	5714.6968201776435
528.	5699.0612318195135
528.25	5683.470982365348
528.5	5667.928057266878
528.75	5652.432304099403
529.	5636.983569853997
529.25	5621.581703986319
529.5	5606.226555932021
529.75	5590.917975366179
530.	5575.655812483856
530.25	5560.4399179981765
530.5	5545.270143138367
530.75	5530.146339647799
531.	5515.068359782094
531.25	5500.036056307162
531.5	5485.049282497312
531.75	5470.107892133336
532.	5455.211739500586
532.25	5440.360679387129
532.5	5425.554567081817
532.75	5410.793258372431
533.	5396.076609543852
533.25	5381.404477381234
533.5	5366.776719161998
533.75	5352.193192641694
534.	5337.6537560748575
534.25	5323.158268203828
534.5	5308.706688563481
534.75	5294.298936221079
535.	5279.934708849382
535.25	5265.613867139271
535.5	5251.33627226033
535.75	5237.053288147509
536.	5222.775996033729
536.25	5208.541508204441
536.5	5194.34968849077
536.75	5180.200401189374
537.	5166.0935110602195
537.25	5152.028883326784
537.5	5138.006383672273
537.75	5124.025878238618
538.	5110.08723362478
538.25	5096.190316885031
538.5	5082.334995527297
538.75	5068.521128851425
539.	5054.748481803027
539.25	5041.017035202234
539.5	5027.326658284972
539.75	5013.6772203588325
540.	5000.068592134719
540.25	4986.500644250735
540.5	4972.97324778534
540.75	4959.486274255721
541.	4946.039595616152
541.25	4932.633084256388
541.5	4919.26661300007
541.75	4905.940055103094
542.	4892.653284252052
542.25	4879.406174562586
542.5	4866.198600577859
542.75	4853.030437266949
543.	4839.901560023285
543.25	4826.811844663087
543.5	4813.7611674238
543.75	4800.749404962553
544.	4787.776434320129
544.25	4774.842132659659
544.5	4761.94637825036
544.75	4749.089049412696
545.	4736.270024879113
545.25	4723.489183792567
545.5	4710.746405705068
545.75	4698.041570576398
546.	4685.3745587715575
546.25	4672.745251060469
546.5	4660.153528616058
546.75	4647.599273013842
547.	4635.0823662274215
547.25	4622.602690629815
547.5	4610.160128991293
547.75	4597.754564477807
548.	4585.3858806495455
548.25	4573.053961233139
548.5	4560.758691047005
548.75	4548.499955463612
549.	4536.277638707739
549.25	4524.091626289282
549.5	4511.941804103792
549.75	4499.828058431063
550.	4487.750275933751
550.25	4475.708343655957
550.5	4463.702149021839
550.75	4451.731579834231
551.	4439.796524273255
551.25	4427.896870925875
551.5	4416.032508715465
551.75	4404.203326905884
552.	4392.409215009796
552.25	4380.650063251552
552.5	4368.925762046351
552.75	4357.236202177168
553.	4345.581274793416
553.25	4333.9608714096275
553.5	4322.374883904104
553.75	4310.823204517662
554.	4299.305725852198
554.25	4287.822340869442
554.5	4276.372942889682
554.75	4264.957425590423
555.	4253.5756830051105
555.25	4242.227609429645
555.5	4230.913099649534
555.75	4219.632048806106
556.	4208.384352343685
556.25	4197.1699060561305
556.5	4185.988606085569
556.75	4174.8403489211305
557.	4163.725031397706
557.25	4152.642550694686
557.5	4141.5928043347185
557.75	4130.575690182477
558.	4119.591106443404
558.25	4108.638951718871
558.5	4097.7191466348995
558.75	4086.8315683961205
559.	4075.9761165599734
559.25	4065.15269101858
559.5	4054.3611919975233
559.75	4043.601520054649
560.	4032.873576078886
560.25	4022.17726128903
560.5	4011.5124772325657
560.75	4000.8791257844973
561.	3990.277109137078
561.25	3979.706329758753
561.5	3969.166690566925
561.75	3958.6580947348943
562.	3948.1804341280545
562.25	3937.7335952334656
562.5	3927.3175110840502
562.75	3916.9320861333504
563.	3906.5772251519666
563.25	3896.2528332264487
563.5	3885.9588157581325
563.75	3875.695078419425
564.	3865.4615272656065
564.25	3855.25806865042
564.5	3845.079422414547
564.75	3834.9246651094386
565.	3824.7997123063847
565.25	3814.704471686723
565.5	3804.6388512371445
565.75	3794.6027592485993
566.	3784.5961043086186
566.25	3774.6187952829596
566.5	3764.670741405653
566.75	3754.751852173804
567.	3744.8620373833746
567.25	3735.001207128113
567.5	3725.1692717984993
567.75	3715.366142080692
568.	3705.5917289554595
568.25	3695.8459436881703
568.5	3686.128697829872
568.75	3676.4399032636293
569.	3666.7794721382493
569.25	3657.1473168919388
569.5	3647.543350251295
569.75	3637.967485230268
570.	3628.419635129162
570.25	3618.8997135334284
570.5	3609.40763428701
570.75	3599.9433115692086
571.	3590.506659815543
571.25	3581.097593742826
571.5	3571.7160283481558
571.75	3562.3618789079474
572.	3553.035060979431
572.25	3543.735490389593
572.5	3534.463083235031
572.75	3525.2177559137385
573.	3515.9994250838536
573.25	3506.808007676941
573.5	3497.643420897016
573.75	3488.505582219597
574.	3479.3944093887576
574.25	3470.3098204076673
574.5	3461.251733574898
574.75	3452.220067442368
575.	3443.2147408286914
575.25	3434.2356728183245
575.5	3425.2827827605292
575.75	3416.3559902633983
576.	3407.4552152001747
576.25	3398.5803777170436
576.5	3389.7313982133674
576.75	3380.908197348718
577.	3372.110696041972
577.25	3363.338815469608
577.5	3354.5924770573915
577.75	3345.8716025063604
578.	3337.1762046719437
578.25	3328.5108013280774
578.5	3319.870584586482
578.75	3311.255477367145
579.	3302.665402836521
579.25	3294.100284425053
579.5	3285.560045805185
579.75	3277.0446108979177
580.	3268.553903871929
580.25	3260.087849138807
580.5	3251.646371360673
580.75	3243.229389550655
581.	3234.8368245864754
581.25	3226.4686120058655
581.5	3218.124677444068
581.75	3209.804946777257
582.	3201.5093461289975
582.25	3193.2378018585828
582.5	3184.99024072123
582.75	3176.7665894100296
583.	3168.5667749811364
583.25	3160.3907247488696
583.5	3152.2383662599364
583.75	3144.109627296042
584.	3136.004435870732
584.25	3127.922720233872
584.5	3119.864408868969
584.75	3111.8294304895594
585.	3103.81771516584
585.25	3095.829192751792
585.5	3087.863790818276
585.75	3079.92143899989
586.	3072.0020671702528
586.25	3064.1056053985376
586.5	3056.2319840002547
586.75	3048.3811335145674
587.	3040.5529847048324
587.25	3032.7474685561615
587.5	3024.9645162803645
587.75	3017.204059310283
588.	3009.466029299817
588.25	3001.7503581215005
588.5	2994.0569779020966
588.75	2986.3852960613535
589.	2978.7357390102234
589.25	2971.108270087978
589.5	2963.5028221720327
589.75	2955.919328450883
590.	2948.357722327091
590.25	2940.817937420248
590.5	2933.2999075629596
590.75	2925.7510860908637
591.	2918.109147631915
591.25	2910.4888724822413
591.5	2902.8901960609564
591.75	2895.313053992508
592.	2887.75738210703
592.25	2880.223116437487
592.5	2872.7101932199184
592.75	2865.218548893947
593.	2857.74812009995
593.25	2850.2988436795267
593.5	2842.87065667542
593.75	2835.46349632918
594.	2828.077300081902
594.25	2820.7120055731334
594.5	2813.3675506392356
594.75	2806.043873314733
595.	2798.7409118297837
595.25	2791.4586046101217
595.5	2784.1968902770614
595.75	2776.9557076453793
596.	2769.734995724323
596.25	2762.5346760160683
596.5	2755.3547013661873
596.75	2748.195015515706
597.	2741.0555582474367
597.25	2733.9362695280397
597.5	2726.8370895109583
597.75	2719.7579585433123
598.	2712.698817159947
598.25	2705.659606084015
598.5	2698.6402662253886
598.75	2691.6407386807964
599.	2684.6609647324926
599.25	2677.7008858679073
599.5	2670.760443723917
599.75	2663.8395801322913
600.	2656.93823711241
600.25	2650.05635686669
600.5	2643.193881779402
600.75	2636.3507544164377
601.	2629.52691752451
601.25	2622.7223142854177
601.5	2615.9368887594287
601.75	2609.170583009763
602.	2602.4233405005334
602.25	2595.695104873687
602.5	2588.985819948304
602.75	2582.2954297201363
603.	2575.623878360936
603.25	2568.9711102178417
603.5	2562.337069812815
603.75	2555.7217018420756
604.	2549.1249511754527
604.25	2542.546762855825
604.5	2535.987082098532
604.75	2529.4458542908114
605.	2522.9230249911857
605.25	2516.4185399289026
605.5	2509.9323450033494
605.75	2503.4643862834814
606.	2497.014610007247
606.25	2490.5829625810256
606.5	2484.1693905790517
606.75	2477.773840742849
607.	2471.396259980669
607.25	2465.0365953735086
607.5	2458.6947942089582
607.75	2452.370803837446
608.	2446.0645718285277
608.25	2439.7760459156934
608.5	2433.505173995811
608.75	2427.251904128587
609.	2421.01618453601
609.25	2414.797960633987
609.5	2408.5971837052775
609.75	2402.413802676395
610.	2396.2477768376593
610.25	2390.099047992912
610.5	2383.9675619776576
610.75	2377.8532681355646
611.	2371.756115967263
611.25	2365.67605513297
611.5	2359.613035448717
611.75	2353.567006886912
612.	2347.5379195758287
612.25	2341.5257237990777
612.5	2335.530369995083
612.75	2329.551808756569
613.	2323.5899908300457
613.25	2317.64486711557
613.5	2311.7163886654193
613.75	2305.804506684329
614.	2299.90917252881
614.25	2294.030337706591
614.5	2288.1679538761296
614.75	2282.321972846092
615.	2276.4923465748643
615.25	2270.6790271700547
615.5	2264.8819668879755
615.75	2259.1011181331723
616.	2253.336433457909
616.25	2247.5878655616843
616.5	2241.855367290743
616.75	2236.1388916375813
617.	2230.4383917404575
617.25	2224.7538208829196
617.5	2219.085132493303
617.75	2213.432280144258
618.	2207.795217552273
618.25	2202.173898577189
618.5	2196.5682772217256
618.75	2190.9783076310055
619.	2185.403944092077
619.25	2179.8451410334533
619.5	2174.301853024628
619.75	2168.774034775618
620.	2163.261641136496
620.25	2157.764625269977
620.5	2152.2829440405117
620.75	2146.816552803751
621.	2141.3654069653808
621.25	2135.9294620687883
621.5	2130.5086737946644
621.75	2125.1029979605432
622.	2119.7123905203357
622.25	2114.3368075638773
622.5	2108.976205316481
622.75	2103.630540138491
623.	2098.299768524867
623.25	2092.98384710472
623.5	2087.6827326407183
623.75	2082.3963820288645
624.	2077.1247522979784
624.25	2071.867800609244
624.5	2066.625484255789
624.75	2061.3977606622284
625.	2056.1845873842417
625.25	2050.985922108145
625.5	2045.801722650453
625.75	2040.63194695745
626.	2035.4765531047663
626.25	2030.335499296947
626.5	2025.2087438670287
626.75	2020.0962452761148
627.	2014.9979621129567
627.25	2009.9138530937755
627.5	2004.843877061536
627.75	1999.7879929849814
628.	1994.746159959258
628.25	1989.7183372050715
628.5	1984.7044840682768
628.75	1979.7045600194565
629.	1974.7185246535244
629.25	1969.746337689147
629.5	1964.7879588180979
629.75	1959.8433472184602
630.	1954.912463914696
630.25	1949.9952691172555
630.5	1945.0917231584833
630.75	1940.2017864922207
631.	1935.325419693405
631.25	1930.4625834576746
631.5	1925.6132386009724
631.75	1920.7773460591507
632.	1915.95486688758
632.25	1911.1457622607602
632.5	1906.349993471922
632.75	1901.5675219326472
633.	1896.7982034974082
633.25	1892.042101589585
633.5	1887.2991817867567
633.75	1882.5694059711582
634.	1877.8527361414376
634.25	1873.1491344122876
634.5	1868.458563014061
634.75	1863.780984292388
635.	1859.1163607078122
635.25	1854.464654835403
635.5	1849.825829364391
635.75	1845.1998470977908
636.	1840.5866709520299
636.25	1835.986263956581
636.5	1831.3985892535948
636.75	1826.823610097528
637.	1822.2612898547832
637.25	1817.7115920033386
637.5	1813.1744801323894
637.75	1808.6499177695807
638.	1804.1378684219487
638.25	1799.6382964850277
638.5	1795.1511659892758
638.75	1790.6764410745654
639.	1786.2140819332592
639.25	1781.7640587808287
639.5	1777.3263339474963
639.75	1772.9008720200027
640.	1768.4876376606985
640.25	1764.086595660485
640.5	1759.6977109172126
640.75	1755.320948435327
641.	1750.95627332553
641.25	1746.603650804434
641.5	1742.2630461942122
641.75	1737.9344249222631
642.	1733.6177525208698
642.25	1729.3129946268557
642.5	1725.0201169812597
642.75	1720.7390854289688
643.	1716.4698659184135
643.25	1712.212424501213
643.5	1707.966727331858
643.75	1703.732740667364
644.	1699.5103335066144
644.25	1695.2995599156536
644.5	1691.1003926172978
644.75	1686.9127982955436
645.	1682.7367437242103
645.25	1678.5721958684085
645.5	1674.4191216401498
645.75	1670.2774881246623
646.	1666.147262506669
646.25	1662.0284120700665
646.5	1657.9209041976092
646.75	1653.824706370584
647.	1649.7397861684951
647.25	1645.6661112687511
647.5	1641.6036494463465
647.75	1637.552368573549
648.	1633.5122366195824
648.25	1629.4832216503246
648.5	1625.465291827986
648.75	1621.458415410804
649.	1617.4625607527362
649.25	1613.4776963031493
649.5	1609.5037906065158
649.75	1605.5408123021061
650.	1601.588730123806
650.25	1597.647512899581
650.5	1593.7171295511448
650.75	1589.7975490939307
651.	1585.8887406366568
651.25	1581.9906733810312
651.5	1578.103316381705
651.75	1574.2266392471245
652.	1570.3606114738461
652.25	1566.5052026325639
652.5	1562.660382385478
652.75	1558.826120486003
653.	1555.0023867784764
653.25	1551.1891511978695
653.5	1547.386383769495
653.75	1543.594054608754
654.	1539.8121339208014
654.25	1536.0405920001872
654.5	1532.2793992307088
654.75	1528.5285260850778
655.	1524.787943124624
655.25	1521.0576209990193
655.5	1517.3375304459948
655.75	1513.6276422910596
656.	1509.9279274472144
656.25	1506.238356914686
656.5	1502.5589017806353
656.75	1498.889533218888
657.	1495.2302224517023
657.25	1491.5809407310303
657.5	1487.9416596210835
657.75	1484.3123506395848
658.	1480.692985389552
658.25	1477.0835355590195
658.5	1473.4839729207729
658.75	1469.894269332076
659.	1466.3143967344042
659.25	1462.7443271531736
659.5	1459.1840326974768
659.75	1455.633485559818
660.	1452.0926580158466
660.25	1448.561522424089
660.5	1445.0400512256933
660.75	1441.5282169441614
661.	1438.0259921850954
661.25	1434.5333496359162
661.5	1431.0502620656282
661.75	1427.576702324548
662.	1424.1126433440504
662.25	1420.6580580356072
662.5	1417.2129195776718
662.75	1413.7772011580332
663.	1410.3508760297327
663.25	1406.9339175255961
663.5	1403.526299062888
663.75	1400.1279941336725
664.	1396.7389763031908
664.25	1393.411594529085
664.5	1390.212730205206
664.75	1387.0218351925955
665.	1383.8388885782317
665.25	1380.6638695077165
665.5	1377.4967571850998
665.75	1374.3375308726975
666.	1371.1861698909186
666.25	1368.0421380315356
666.5	1364.90552520799
666.75	1361.776699578046
667.	1358.6556566961915
667.25	1355.542376216189
667.5	1352.436837811247
667.75	1349.3390212114045
668.	1346.2489062033662
668.25	1343.1664726325578
668.5	1340.0917003999168
668.75	1337.0245694574157
669.	1333.9650598166997
669.25	1330.9131515452254
669.5	1327.868824766091
669.75	1324.8320596578735
670.	1321.8028364544607
670.25	1318.7811354448882
670.5	1315.7669369731348
670.75	1312.7602214380056
671.	1309.760969241242
671.25	1306.7691609374376
671.5	1303.7847770937872
671.75	1300.8077983266874
672.	1297.8382053068578
672.25	1294.8759787583367
672.5	1291.921099458831
672.75	1288.9735482397143
673.	1286.0333059857032
673.25	1283.1003536346957
673.5	1280.1746721776124
673.75	1277.2562426582338
674.	1274.3450461730433
674.25	1271.4410638710724
674.5	1268.5442769537349
674.75	1265.6546666425443
675.	1262.7722142666992
675.25	1259.8969011924232
675.5	1257.0287088291145
675.75	1254.167618637778
676.	1251.3136121308692
676.25	1248.4666708721415
676.5	1245.6267766858502
676.75	1242.7939123922379
677.	1239.968058331062
677.25	1237.149196269796
677.5	1234.3373080264437
677.75	1231.5323754693977
678.	1228.734380517275
678.25	1225.943305109886
678.5	1223.1591312937048
678.75	1220.381841138154
679.	1217.6114167612843
679.25	1214.8478403306344
679.5	1212.0910940630768
679.75	1209.3411602246808
680.	1206.5980211305598
680.25	1203.8616591447155
680.5	1201.1320566799084
680.75	1198.4091961975037
681.	1195.6930602073282
681.25	1192.983631261175
681.5	1190.2808919554595
681.75	1187.5848249607445
682.	1184.895412979265
682.25	1182.2126387610003
682.5	1179.5364851035297
682.75	1176.8669348518954
683.	1174.2039708984585
683.25	1171.5475761827568
683.5	1168.89773369137
683.75	1166.2544264577725
684.	1163.6176375622003
684.25	1160.9873501213692
684.5	1158.363548990684
684.75	1155.7462171741772
685.	1153.135336453066
685.25	1150.530890139445
685.5	1147.9328615913391
685.75	1145.34123421257
686.	1142.7559914526457
686.25	1140.1771168065968
686.5	1137.6045938147677
686.75	1135.0384060709723
687.	1132.478537192893
687.25	1129.9249708587863
687.5	1127.3776907915824
687.75	1124.8366807566194
688.	1122.301924563823
688.25	1119.77340606758
688.5	1117.2511091665988
688.75	1114.7350178037866
689.	1112.2251159661544
689.25	1109.7213876847284
689.5	1107.2238170259761
689.75	1104.7323881146096
690.	1102.2470851142982
690.25	1099.7678922303917
690.5	1097.2947937115277
690.75	1094.8277738495087
691.	1092.366816979171
691.25	1089.9119074782586
691.5	1087.4630657411917
691.75	1085.0202421703755
692.	1082.5834190163978
692.25	1080.1525808322644
692.5	1077.7277122097166
692.75	1075.3087977826463
693.	1072.8958129198709
693.25	1070.4887507620272
693.5	1068.0875969423116
693.75	1065.692336262072
694.	1063.3029535589
694.25	1060.9194337216722
694.5	1058.5417616766763
694.75	1056.1699223906658
695.	1053.8039008714452
695.25	1051.443682167748
695.5	1049.0892513691115
695.75	1046.7405936057646
696.	1044.3976940446698
696.25	1042.0605378999821
696.5	1039.7291104241954
696.75	1037.4033969091004
697.	1035.0833826865817
697.25	1032.7690531285032
697.5	1030.460393646588
697.75	1028.157389691375
698.	1025.8600267519557
698.25	1023.5682903618614
698.5	1021.2821660910945
698.75	1019.0016395489395
699.	1016.726696383845
699.25	1014.4573222833102
699.5	1012.1935029733157
699.75	1009.935224219466
700.	1007.6824722794406
700.25	1005.4352325396111
700.5	1003.1934909263721
700.75	1000.9572333145414
701.	998.7264456607534
701.25	996.5011139587231
701.5	994.2812242422386
701.75	992.0667625844333
702.	989.8577150949377
702.25	987.6540679637259
702.5	985.4558073704936
702.75	983.2629194992275
703.	981.0753906084851
703.25	978.8932069969885
703.5	976.7163549989576
703.75	974.5448209856658
704.	972.3785913653292
704.25	970.2176525825089
704.5	968.0619911182439
704.75	965.9115934921654
705.	963.7664462591927
705.25	961.6265360106537
705.5	959.4918493741814
705.75	957.3623730126144
706.	955.2380936264225
706.25	953.1189979519621
706.5	951.005072761028
706.75	948.896304861198
707.	946.7926810952458
707.25	944.6941883417522
707.5	942.6008135157336
707.75	940.5125435668534
708.	938.4293654800391
708.25	936.3383296306714
708.5	934.2496638410165
708.75	932.1660505688661
709.	930.0874770160314
709.25	928.0139304186998
709.5	925.9453980468004
709.75	923.8818672051805
710.	921.8233252328788
710.25	919.7697595025926
710.5	917.7211574208271
710.75	915.6775064273645
711.	913.6387939969043
711.25	911.6050076370856
711.5	909.5761348890388
711.75	907.5521633268011
712.	905.5330805585647
712.25	903.5188742254861
712.5	901.5095320017057
712.75	899.5050415940121
713.	897.5053907426806
713.25	895.5105672207712
713.5	893.5205588468118
713.75	891.535353464469
714.	889.5549389259144
714.25	887.5792992521081
714.5	885.6084260105472
714.75	883.64230741462
715.	881.6809314647775
715.25	879.7242861931688
715.5	877.7723596637628
715.75	875.8251399725762
716.	873.8826152476158
716.25	871.9447736484027
716.5	870.0116033658375
716.75	868.0830926228883
717.	866.1592296736834
717.25	864.2400028034908
717.5	862.3254003292014
717.75	860.4154105987744
718.	858.5100219910402
718.25	856.6092229160523
718.5	854.7130018147664
718.75	852.8213471587434
719.	850.9342474504665
719.25	849.0516912230624
719.5	847.1736670400052
719.75	845.3001635164943
720.	843.4311693607506
720.25	841.5666731216693
720.5	839.7066634843518
720.75	837.8511291638126
721.	836.0000589050996
721.25	834.1534414833455
721.5	832.3112657033512
721.75	830.47352039986
722.	828.6401944372304
722.25	826.8112767093854
722.5	824.9867561398954
722.75	823.166621681595
723.	821.3508623168468
723.25	819.5394670571714
723.5	817.7305566697642
723.75	815.9255115678333
724.	814.1247969950892
724.25	812.3284245160252
724.5	810.536366555128
724.75	808.7486063957961
725.	806.9651332676793
725.25	805.185936429053
725.5	803.4110051665748
725.75	801.6403287953583
726.	799.8738966587501
726.25	798.1116981283731
726.5	796.3537226039507
726.75	794.5999595132863
727.	792.8503983121657
727.25	791.1050284842552
727.5	789.363839541078
727.75	787.6268210218586
728.	785.8939624935266
728.25	784.1652535505765
728.5	782.4406838150055
728.75	780.7202429362652
729.	779.0039205911382
729.25	777.291706483688
729.5	775.5835903451872
729.75	773.8795619340165
730.	772.1796958311578
730.25	770.4839354819829
730.5	768.7922312137595
730.75	767.1045728970752
731.	765.4209504291784
731.25	763.7413537340434
731.5	762.0657725936755
731.75	760.3941954303031
732.	758.7266139685757
732.25	757.0630182383296
732.5	755.4033982956777
732.75	753.7477442229302
733.	752.0960461285279
733.25	750.4482941469638
733.5	748.8044784387123
733.75	747.1645891901543
734.	745.5286166135039
734.25	743.8965509467394
734.5	742.2683824535267
734.75	740.6441014231465
735.	739.0236981704272
735.25	737.4071630356677
735.5	735.7944863845694
735.75	734.1856554752665
736.	732.58054877947
736.25	730.9792717544308
736.5	729.3818148676138
736.75	727.788168611527
737.	726.1983235036512
737.25	724.6122700860257
737.5	723.0299989261762
737.75	721.451500615869
738.	719.8767657719528
738.25	718.3057850357847
738.5	716.738549073211
738.75	715.1750485745657
739.	713.6152742545994
739.25	712.0592168524105
739.5	710.5068671313786
739.75	708.9582158790954
740.	707.4132539072973
740.25	705.8719720518023
740.5	704.3343611724306
740.75	702.8004121529463
741.	701.2701159009902
741.25	699.7434633480128
741.5	698.2204454492062
741.75	696.7010531834371
742.	695.1852775614975
742.25	693.6731096097323
742.5	692.1645403688899
742.75	690.6595609118802
743.	689.158162334962
743.25	687.6603357576753
743.5	686.1660723227751
743.75	684.6753631961712
744.	683.1881995668571
744.25	681.7045726468527
744.5	680.2244736711348
744.75	678.7478938975745
745.	677.2748246068738
745.25	675.8052571025039
745.5	674.339182710637
745.75	672.8765927800885
746.	671.4174786822489
746.25	669.9618311738225
746.5	668.5096419925306
746.75	667.0609028918021
747.	665.6156053327195
747.25	664.1737407986293
747.5	662.7353007950832
747.75	661.3002768497722
748.	659.8686605128329
748.25	658.4404433589987
748.5	657.0156169786881
748.75	655.5941729875453
749.	654.1761030230506
749.25	652.7613987444576
749.5	651.3500518327357
749.75	649.94205399051
750.	648.5373969419956
750.25	647.1360724329459
750.5	645.7380722305872
750.75	644.3433881235604
751.	642.9520119218621
751.25	641.5639354567917
751.5	640.1791505851218
751.75	638.7976491781858
752.	637.4194231289051
752.25	636.0444643531712
752.5	634.6727647878774
752.75	633.3043163908636
753.	631.9391111408555
753.25	630.5771410374099
753.5	629.2183981008533
753.75	627.8628743722276
754.	626.5105619132322
754.25	625.1614528061654
754.5	623.8155391538688
754.75	622.4728130796705
755.	621.133266814907
755.25	619.7968924930339
755.5	618.463682240547
755.75	617.1336282621181
756.	615.8067227826615
756.25	614.4829580472428
756.5	613.1623263210263
756.75	611.8448198892105
757.	610.5304310569785
757.25	609.2191521494418
757.5	607.9109755115844
757.75	606.6058935082083
758.	605.3038985238803
758.25	604.0049829628749
758.5	602.7091391996506
758.75	601.4163592611138
759.	600.1266360758043
759.25	598.8399621262973
759.5	597.5563299146087
759.75	596.2757319621376
760.	594.9981608096194
760.25	593.7236090170665
760.5	592.4520691637186
760.75	591.1835338479907
761.	589.9179956874171
761.25	588.6554473186019
761.5	587.3958813971675
761.75	586.1392905976967
762.	584.885667613683
762.25	583.6350051574842
762.5	582.3872959602645
762.75	581.1425327719448
763.	579.9007083611526
763.25	578.6618155151679
763.5	577.4258470398747
763.75	576.1927957597089
764.	574.9626545176079
764.25	573.7354161749585
764.5	572.5110736115478
764.75	571.2896197255128
765.	570.0710474332901
765.25	568.8553496695653
765.5	567.6425193872223
765.75	566.4325495572962
766.	565.2254331689203
766.25	564.0211632292805
766.5	562.8197327635608
766.75	561.6211348148997
767.	560.4253624443377
767.25	559.2324087307672
767.5	558.0422667708897
767.75	556.8549296791593
768.	555.6703905877408
768.25	554.4886426464574
768.5	553.3096790227434
768.75	552.1334929015976
769.	550.9600774855334
769.25	549.789425845116
769.5	548.6215312214663
769.75	547.4563870146895
770.	546.2939864968874
770.25	545.1343229574395
770.5	543.9773897029576
770.75	542.8231800572347
771.	541.6716823415495
771.25	540.5226327088269
771.5	539.3762799706963
771.75	538.232617552528
772.	537.091638896517
772.25	535.9533374616349
772.5	534.8177067235873
772.75	533.6847401747647
773.	532.5544313242018
773.25	531.4267736975277
773.5	530.3017608369242
773.75	529.1793863010795
774.	528.0596436651434
774.25	526.9425265206825
774.5	525.8280284757489
774.75	524.7161431545128
775.	523.606864197511
775.25	522.5001852615339
775.5	521.3961000203486
775.75	520.294602163454
776.	519.195685394949
776.25	518.0993434361466
776.5	517.0055700243795
776.75	515.9143589129594
777.	514.8257038711323
777.25	513.7395986840353
777.5	512.6560371526537
777.75	511.5750130937787
778.	510.49652033996546
778.25	509.4205527394868
778.5	508.34710406333147
778.75	507.2761682001686
779.	506.2077538183487
779.25	505.1418706767376
779.5	504.0784817849175
779.75	503.01758108614445
780.	501.95916253909434
780.25	500.90322011782024
780.5	499.84974781171854
780.75	498.79873962547646
781.	497.7501895790246
781.25	496.7040917075144
781.5	495.66044006127015
781.75	494.61922870574534
782.	493.5804517214854
782.25	492.54410345483825
782.5	491.5101784336095
782.75	490.4786701085109
783.	489.44957262007
783.25	488.4228801237034
783.5	487.39858678967533
783.75	486.37668680305455
784.	485.35717436368026
784.25	484.3400436861198
784.5	483.32528899962944
784.75	482.3129045481149
785.	481.3028845900911
785.25	480.2952233986452
785.5	479.28991526139436
785.75	478.28695448044914
786.	477.286335372373
786.25	476.2880441268752
786.5	475.29206712912054
786.75	474.29841472742265
787.	473.307081394547
787.25	472.3180615238108
787.5	471.3313495113195
787.75	470.34693977386513
788.	469.3648267423839
788.25	468.38500486191924
788.5	467.40746859158656
788.75	466.4322124045317
789.	465.45923078789525
789.25	464.48851824277483
789.5	463.52006928418916
789.75	462.5538784410376
790.	461.5899402560663
790.25	460.6282492858282
790.5	459.66880010064915
790.75	458.7115872845885
791.	457.75660543540374
791.25	456.80384916451317
791.5	455.8533130969601
791.75	454.9049918713763
792.	453.95888013994437
792.25	453.0149725683635
792.5	452.07326383581255
792.75	451.133748634949
793.	450.1964216717749
793.25	449.2612776656847
793.5	448.3283113494164
793.75	447.3975174348644
794.	446.46889067875355
794.25	445.54242589024886
794.5	444.6181178550788
794.75	443.6959613721327
795.	442.7759512534219
795.25	441.85808232404867
795.5	440.94234942216895
795.75	440.028747398959
796.	439.1172711185792
796.25	438.2079154581411
796.5	437.3006753076706
796.75	436.39554557007796
797.	435.49252116111813
797.25	434.5915970093607
797.5	433.69276805615294
797.75	432.7960292555887
798.	431.90137557447093
798.25	431.0088019922823
798.5	430.11830350114735
798.75	429.2298751056359
799.	428.343511823181
799.25	427.45920868368034
799.5	426.5769607294972
799.75	425.696763015474
800.	424.81861060889435
800.25	423.942498542476
800.5	423.06842195520875
800.75	422.19637595151136
801.	421.3263556481128
801.25	420.45835617402184
801.5	419.5923726704941
801.75	418.72840029099916
802.	417.8664342011883
802.25	417.00646957886346
802.5	416.148501613942
802.75	415.2925255084285
803.	414.43853647637997
803.25	413.5865297438746
803.5	412.7365005489803
803.75	411.888444141723
804.	411.0423557840547
804.25	410.1982307498219
804.5	409.356064324734
804.75	408.5158518063332
805.	407.67758850396035
805.25	406.8412697387271
805.5	406.0068908434831
805.75	405.1744471571212
806.	404.3439340152541
806.25	403.5153468120015
806.5	402.68868092685716
806.75	401.863931750897
807.	401.0410946867518
807.25	400.22016514857444
807.5	399.4011385620101
807.75	398.5840103641669
808.	397.768776003584
808.25	396.9554309402024
808.5	396.14397064533534
808.75	395.33439060163744
809.	394.52668630307454
809.25	393.72085325489536
809.5	392.91688697360024
809.75	392.1147829869123
810.	391.3145368337475
810.25	390.5161440641858
810.5	389.71960023944104
810.75	388.92490093183227
811.	388.1320418510137
811.25	387.3410184978483
811.5	386.5518264437612
811.75	385.7644613052039
812.	384.978918709589
812.25	384.19519429525775
812.5	383.4132837114553
812.75	382.63318261829886
813.	381.85488668675083
813.25	381.07839159858935
813.5	380.3036930463807
813.75	379.53078673345095
814.	378.7596683738573
814.25	377.9903336923591
814.5	377.2227784243921
814.75	376.45699831603764
815.	375.69298912399717
815.25	374.9307466155623
815.5	374.1702665685128
815.75	373.41154475565037
816.	372.6545769915185
816.25	371.89935908549757
816.5	371.1458868574198
816.75	370.3941594023133
817.	369.6441713585109
817.25	368.8959164722012
817.5	368.1493906049171
817.75	367.404589628508
818.	366.66150942511257
818.25	365.9201458871315
818.5	365.18049491720166
818.75	364.4425524281676
819.	363.706314343057
819.25	362.9717765950521
819.5	362.2389351274642
819.75	361.5077858929
820.	360.7783248451169
820.25	360.05054796817825
820.5	359.32445124564686
820.75	358.60003067108204
821.	357.8772822480845
821.25	357.15620199009226
821.5	356.43682735521224
821.75	355.7191207359286
822.	355.0030699823371
822.25	354.288671148964
822.5	353.5759203001469
822.75	352.86481351000725
823.	352.15534686242694
823.25	351.44751645102133
823.5	350.74131837911415
823.75	350.036748754707
824.	349.33380370213416
824.25	348.6324793570197
824.5	347.9327658625408
824.75	347.2346626481839
825.	346.53816739222384
825.25	345.8432774439551
825.5	345.1499889836233
825.75	344.45829820095685
826.	343.7682012952522
826.25	343.0796944751289
826.5	342.3927739585052
826.75	341.70743597279494
827.	341.02367675477086
827.25	340.3414925479847
827.5	339.66087960675316
827.75	338.9818341994363
828.	338.3043526000057
828.25	337.6284310916705
828.5	336.95406596685524
828.75	336.2812535271762
829.	335.60999008341753
829.25	334.94027195550547
829.5	334.2720954724846
829.75	333.60545697249717
830.	332.94035280275745
830.25	332.27677931952894
830.5	331.6147328864563
830.75	330.9542098764367
831.	330.29520667577043
831.25	329.63771967668276
831.5	328.98174528033
831.75	328.32727989679233
832.	327.6743199450287
832.25	327.0228618528325
832.5	326.3729020568585
832.75	325.7244370025777
833.	325.07746314425657
833.25	324.43197694493216
833.5	323.78797489336813
833.75	323.14545345701174
834.	322.5044091210157
834.25	321.86483838327723
834.5	321.22673775035173
834.75	320.5901037374315
835.	319.9549328683225
835.25	319.3212216754219
835.5	318.68896669969683
835.75	318.0581644906609
836.	317.4288116063536
836.25	316.8009046129915
836.5	316.17444008349946
836.75	315.54941460378024
837.	314.9258247657545
837.25	314.3036671697575
837.5	313.68293842612206
837.75	313.0636351510977
838.	312.4457539693731
838.25	311.8292915216236
838.5	311.2142444515753
838.75	310.60060940097014
839.	309.98838302685135
839.25	309.37756199713806
839.5	308.76814298749605
839.75	308.1601226812327
840.	307.553497769836
840.25	306.9482649529518
840.5	306.34442093836446
840.75	305.7418076623291
841.	305.14055328190113
841.25	304.5406778355077
841.5	303.9421780627063
841.75	303.34505071412804
842.	302.7492925468275
842.25	302.15490032584796
842.5	301.5618708242108
842.75	300.9702008228657
843.	300.37988711069755
843.25	299.7909264844983
843.5	299.20331574887734
843.75	298.6170517151483
844.	298.0321312050008
844.25	297.4485510466509
844.5	296.8663080761203
844.75	296.2853991372161
845.	295.7058210815114
845.25	295.1275707683249
845.5	294.55064506470046
845.75	293.9750408447205
846.	293.4007549910558
846.25	292.82778439424106
846.5	292.25612595202534
846.75	291.68577658905025
847.	291.1167332192616
847.25	290.54899274276306
847.5	289.98255208769694
847.75	289.41740818914207
848.	288.85355799065394
848.25	288.2909984432403
848.5	287.729726505124
848.75	287.16973914199997
849.	286.6110333270166
849.25	286.0536060407558
849.5	285.49745427103534
849.75	284.9425750128824
850.	284.3889652696117
850.25	283.83662205135136
850.5	283.28554237556875
850.75	282.73572326705255
851.	282.1871617589048
851.25	281.63985489212206
851.5	281.0937997102333
851.75	280.54899326757453
852.	280.00543262525713
852.25	279.4593730644461
852.5	278.90283401875377
852.75	278.34754671305933
853.	277.7935082508735
853.25	277.24071574312364
853.5	276.689166307733
853.75	276.1388570693781
854.	275.5897851596504
854.25	275.04194604353245
854.5	274.4953377354124
854.75	273.94995818997273
855.	273.40580456655505
855.25	272.8628740310816
855.5	272.32116375628607
855.75	271.7806709216964
856.	271.2413927134464
856.25	270.7033263245975
856.5	270.16646895513094
856.75	269.63081781157996
857.	269.09637010718734
857.25	268.5631230618879
857.5	268.031073902031
857.75	267.50021986111636
858.	266.97055817908284
858.25	266.4420861026867
858.5	265.91480088598047
858.75	265.3886997874165
859.	264.86378007335065
859.25	264.34003901675163
859.5	263.8174738970307
859.75	263.29608200012456
860.	262.775860618364
860.25	262.2568070507092
860.5	261.73891860267025
860.75	261.22219258612336
861.	260.7066263281353
861.25	260.1922171447176
861.5	259.6789623669224
861.75	259.16685933235044
862.	258.65590538493774
862.25	258.14609787495584
862.5	257.6374341589538
862.75	257.1299116000377
863.	256.6235275675028
863.25	256.1182794369446
863.5	255.6141645901331
863.75	255.11118041530295
864.	254.60932430687953
864.25	254.1085936655011
864.5	253.6089858979516
864.75	253.1104984172556
865.	252.61312864273845
865.25	252.1168739998808
865.5	251.62173192020524
865.75	251.1276998414846
866.	250.6347752076149
866.25	250.14295546857392
866.5	249.6522380803608
866.75	249.1626205052012
867.	248.67410021133168
867.25	248.18667467301336
867.5	247.70034137052295
867.75	247.21509779025746
868.	246.73094142456338
868.25	246.24786977172838
868.5	245.76588033610196
868.75	245.28497062797925
869.	244.8051381635618
869.25	244.32638046499656
869.5	243.84869506039524
869.75	243.37207948372765
870.	242.8965312748277
870.25	242.42204797950427
870.5	241.94862714938756
870.75	241.47626634182544
871.	241.0049631201347
871.25	240.53471505340053
871.5	240.065519716482
871.75	239.59737469009286
872.	239.130277560672
872.25	238.6642259204089
872.5	238.19921736728065
872.75	237.7352495049557
873.	237.2723199428437
873.25	236.81042629603238
873.5	236.34956618527588
873.75	235.8897372370481
874.	235.4309370834551
874.25	234.97318923394113
874.5	234.5166908468357
874.75	234.06121234532748
875.	233.60675139058608
875.25	233.15330564933433
875.5	232.70087279383438
875.75	232.24945050190473
876.	231.79903645686665
876.25	231.34962834758312
876.5	230.9012238683807
876.75	230.45382071910174
877.	230.00741660503198
877.25	229.56200923693427
877.5	229.1175963309998
877.75	228.67417560885806
878.	228.23174479354248
878.25	227.79030059572682
878.5	227.34984177820343
878.75	226.91036608419284
879.	226.4718712622667
879.25	226.03435506635847
879.5	225.59781525572308
879.75	225.16224961247164
880.	224.72765592323393
880.25	224.2940319286143
880.5	223.86137540908737
880.75	223.42968415039687
881.	222.99895594354913
881.25	222.5691885847872
881.5	222.1403798755913
881.75	221.71252762265806
882.	221.28562963788568
882.25	220.85968373837065
882.5	220.4346877463861
882.75	220.01063948936965
883.	219.58753679991696
883.25	219.16537751576325
883.5	218.74415947977147
883.75	218.3238805399204
884.	217.90453854929345
884.25	217.48613136606386
884.5	217.06865685348274
884.75	216.65211287989598
885.	216.23649731878052
885.25	215.82180804840917
885.5	215.40804295221977
885.75	214.99519991866615
886.	214.58327684120567
886.25	214.172271618286
886.5	213.76218215333407
886.75	213.35300635474272
887.	212.94474213585931
887.25	212.53738741497264
887.5	212.13094011530163
887.75	211.72539816498244
888.	211.32075949705714
888.25	210.91702204946048
888.5	210.51418376500922
888.75	210.11224259138896
889.	209.7111964811426
889.25	209.31104339165864
889.5	208.9117812851188
889.75	208.5134081285258
890.	208.11592189381446
890.25	207.71932079383635
890.5	207.32360281030776
890.75	206.92876568948512
891.	206.5348074223552
891.25	206.1417260046556
891.5	205.74951943686335
891.75	205.35818572418268
892.	204.96772287653346
892.25	204.57812890854
892.5	204.18940183951926
892.75	203.80153969346915
893.	203.41454064439372
893.25	203.02840262058777
893.5	202.6431236184597
893.75	202.25870168062158
894.	201.8751348543096
894.25	201.4924211913725
894.5	201.11055874826056
894.75	200.72954558601376
895.	200.34937977025083
895.25	199.97005937115824
895.5	199.5915824634782
895.75	199.21394712649882
896.	198.83715144404124
896.25	198.4611935044505
896.5	198.08607140058245
896.75	197.7117832297945
897.	197.33832709393295
897.25	196.96570109932364
897.5	196.5939033567596
897.75	196.22293172153547
898.	195.85278435233135
898.25	195.4834595938425
898.5	195.11495557462615
898.75	194.74727042765363
899.	194.38040229029804
899.25	194.0143493043248
899.5	193.6491096158804
899.75	193.28468137548103
900.	192.92106273800286
900.25	192.55825186267077
900.5	192.1962469130485
900.75	191.83504605702694
901.	191.47464746681402
901.25	191.11504931892475
901.5	190.75624979416986
901.75	190.39824707764575
902.	190.04103935928728
902.25	189.68462483628326
902.5	189.32900170238273
902.75	188.97416815972082
903.	188.62012241466374
903.25	188.26686267780266
903.5	187.9143871639414
903.75	187.56269409208636
904.	187.21178168543656
904.25	186.86164817137265
904.5	186.51229178144732
904.75	186.16371075137553
905.	185.81590332102306
905.25	185.46886773439786
905.5	185.12260223963855
905.75	184.77710508900572
906.	184.432374538871
906.25	184.088408849707
906.5	183.74520628607814
906.75	183.40276511662978
907.	183.06108361407863
907.25	182.72016005520314
907.5	182.3799927208329
907.75	182.0405798958397
908.	181.70191986912695
908.25	181.36401093362022
908.5	181.02685138625728
908.75	180.69043952797833
909.	180.35477366371654
909.25	180.01985210239428
909.5	179.68567315689688
909.75	179.35223514407602
910.	179.01953638473884
910.25	178.6875752036374
910.5	178.35634992945867
910.75	178.02585889481477
911.	177.69610043623393
911.25	177.36707289415028
911.5	177.03877461289505
911.75	176.71120394068703
912.	176.38435922962236
912.25	176.05823883566632
912.5	175.732841118643
912.75	175.4081644422263
913.	175.0842071739303
913.25	174.7609676851008
913.5	174.43844435090475
913.75	174.11663555032203
914.	173.79553965589488
914.25	173.4751548293889
914.5	173.1554796960085
914.75	172.83651264989328
915.	172.51825208894846
915.25	172.20069641483735
915.5	171.88384403297138
915.75	171.5676933525013
916.	171.25224278633118
916.25	170.93749075104
916.5	170.62343566694165
916.75	170.31007618589587
917.	169.99741174885796
917.25	169.68543953614557
917.5	169.3741579828637
917.75	169.06356552778482
918.	168.75366061333995
918.25	168.44445347538277
918.5	168.1359485454429
918.75	167.82812629019062
919.	167.52098516732715
919.25	167.21452363816599
919.5	166.90874016762382
919.75	166.60363322421156
920.	166.29918258350074
920.25	165.99540006855267
920.5	165.69228950275334
920.75	165.38984936902128
921.	165.0880781538258
921.25	164.78697434717847
921.5	164.4865364426248
921.75	164.18676293723533
922.	163.88765233159725
922.25	163.58920312980607
922.5	163.29141383945932
922.75	162.99428297170397
923.	162.6978090410463
923.25	162.40199056553013
923.5	162.10682606666575
923.75	161.81231406942058
924.	161.518453102212
924.25	161.22524169689797
924.5	160.93267838876983
924.75	160.64076171654287
925.	160.34949022234915
925.25	160.05886245172834
925.5	159.76887695362052
925.75	159.47953228035692
926.	159.19082698765246
926.25	158.90275963459754
926.5	158.61532878364955
926.75	158.32853300062513
927.	158.04230866280392
927.25	157.75634176001827
927.5	157.4710056452085
927.75	157.18629889936787
928.	156.90222003359898
928.25	156.61876764808687
928.5	156.33594039425358
928.75	156.05373686629537
929.	155.7721556616887
929.25	155.49119538118347
929.5	155.2108546287948
929.75	154.93113201179492
930.	154.65202614070526
930.25	154.37353562928922
930.5	154.09565909454358
930.75	153.81839564489232
931.	153.54174375011485
931.25	153.26570169646635
931.5	152.9902681138227
931.75	152.71544163525527
932.	152.44122089702293
932.25	152.16760453856395
932.5	151.8945912024891
932.75	151.62217953457318
933.	151.35036818374846
933.25	151.07915580209618
933.5	150.80854104483944
933.75	150.5385225703357
934.	150.26909904006922
934.25	150.0002691186433
934.5	149.7320314737733
934.75	149.46438477627876
935.	149.19732770007613
935.25	148.93085892217138
935.5	148.6649771226525
935.75	148.3996810351815
936.	148.13492187378023
936.25	147.8694282175428
936.5	147.60451186277797
936.75	147.34017152571838
937.	147.07640592553912
937.25	146.8132137843856
937.5	146.55059382819007
937.75	146.28854478483788
938.	146.02706538468993
938.25	145.76615436170175
938.5	145.50581045276311
938.75	145.24603239769212
939.	144.98681893922736
939.25	144.72816882302175
939.5	144.4700807976346
939.75	144.2125536145255
940.	143.95558595628233
940.25	143.69917664669867
940.5	143.44332445103666
940.75	143.1880281322868
941.	142.93328645630564
941.25	142.67909819180795
941.5	142.42546211036097
941.75	142.17237698637626
942.	141.9198415971043
942.25	141.66785472262677
942.5	141.41641514585027
942.75	141.16552165249934
943.	140.91517303110982
943.25	140.6653680730223
943.5	140.4161055723752
943.75	140.1673843260983
944.	139.91920313390582
944.25	139.67156079829022
944.5	139.42445612451732
944.75	139.177887920618
945.	138.93185499737424
945.25	138.68635616832435
945.5	138.4413902497519
945.75	138.19695606067856
946.	137.95305242285838
946.25	137.70967816077075
946.5	137.46683210161416
946.75	137.22451307529983
947.	136.9794818903434
947.25	136.72499022695774
947.5	136.47101236789737
947.75	136.2175472475016
948.	135.9645938024927
948.25	135.71215097167024
948.5	135.4602176962311
948.75	135.2087929196513
949.	134.95787558768166
949.25	134.70746464834173
949.5	134.45755905191524
949.75	134.20815775094488
950.	133.95925970071798
950.25	133.710863828848
950.5	133.46296910665885
950.75	133.21557451253904
951.	132.9686790102496
951.25	132.7222815657797
951.5	132.476381147342
951.75	132.23097672536764
952.	131.98606727250097
952.25	131.74165176359477
952.5	131.49772917570482
952.75	131.25429848808585
953.	131.01135868218546
953.25	130.76890874163993
953.5	130.52694765226906
953.75	130.28547440207115
954.	130.04448798121817
954.25	129.80398738205096
954.5	129.56397159907397
954.75	129.32443962895107
955.	129.08539047049962
955.25	128.84682312468826
955.5	128.6087365946271
955.75	128.37112988556672
956.	128.1340020048931
956.25	127.89735196212146
956.5	127.66117876889284
956.75	127.42548143896839
957.	127.19025898822457
957.25	126.95551043464899
957.5	126.7212347983351
957.75	126.487431101478
958.	126.25409836836901
958.25	126.02123562539124
958.5	125.78884190101547
958.75	125.5569162257946
959.	125.3254576323591
959.25	125.09446514167665
959.5	124.86393778914507
959.75	124.63387462868577
960.	124.40427470119414
960.25	124.17513704962003
960.5	123.94646071896314
960.75	123.71824475626849
961.	123.49048821062642
961.25	123.2631901331687
961.5	123.03634957703412
961.75	122.80996559740306
962.	122.58403725147839
962.25	122.35856359848069
962.5	122.13354369964404
962.75	121.90897661821137
963.	121.68486141942984
963.25	121.4611971705464
963.5	121.23798294080353
963.75	121.01521780148329
964.	120.7929008279979
964.25	120.57103109329636
964.5	120.34960767455779
964.75	120.12862965093451
965.	119.90809610354734
965.25	119.68800611548133
965.5	119.46835877178151
965.75	119.24915315944824
966.	119.03038836743306
966.25	118.81206348663402
966.5	118.59417760989174
966.75	118.3767298319846
967.	118.15971924962481
967.25	117.94314495114904
967.5	117.72700603917605
967.75	117.51130162442882
968.	117.29603081131118
968.25	117.08119270613888
968.5	116.86678641713553
968.75	116.65281105442838
969.	116.43926573004406
969.25	116.22614955790395
969.5	116.01346165382073
969.75	115.80120113549343
970.	115.58936712250348
970.25	115.37795873631055
970.5	115.16697510024822
970.75	114.9564153395201
971.	114.7462785811953
971.25	114.53656395420428
971.5	114.32727058933501
971.75	114.11839761922853
972.	113.909944178375
972.25	113.7019094031094
972.5	113.4942924316076
972.75	113.28709240388206
973.	113.08030846177788
973.25	112.87393974896854
973.5	112.6679851895237
973.75	112.46244352406941
974.	112.25731448624667
974.25	112.05259722508342
974.5	111.84829088536316
974.75	111.6443946320428
975.	111.44090762165328
975.25	111.23782901252099
975.5	111.03515796476401
975.75	110.83289364028784
976.	110.6310352027817
976.25	110.42958181771456
976.5	110.22853265233081
976.75	110.02788687564674
977.	109.8276387846041
977.25	109.62779210151119
977.5	109.42834632296837
977.75	109.22930062506266
978.	109.03065418564275
978.25	108.83240618432681
978.5	108.63455580240466
978.75	108.43710222294797
979.	108.2400446307647
979.25	108.04338221239564
979.5	107.84711415611031
979.75	107.65123965190323
980.	107.45575789149001
980.25	107.2606680683035
980.5	107.06596937749028
980.75	106.8716610095112
981.	106.6777421673312
981.25	106.48421205320156
981.5	106.29106986908563
981.75	106.0983409711558
982.	105.90607901791672
982.25	105.71420186985627
982.5	105.52270873797202
982.75	105.33159883493695
983.	105.14087137509122
983.25	104.95052557444315
983.5	104.76056065066382
983.75	104.57097582308342
984.	104.38177031268759
984.25	104.19294334211376
984.5	104.00449413564775
984.75	103.81642192103257
985.	103.62872592982168
985.25	103.44140538538396
985.5	103.25445951856128
985.75	103.06788756182561
986.	102.88168874927527
986.25	102.69586231663139
986.5	102.51040749604417
986.75	102.32532353101574
987.	102.14060966275296
987.25	101.95626513343217
987.5	101.77228918683485
987.75	101.5886810683437
988.	101.40544002493945
988.25	101.22256530519672
988.5	101.04005615928148
988.75	100.85791183894649
989.	100.67613159752848
989.25	100.49471468994449
989.5	100.3136603726882
989.75	100.13296790382684
990.	99.952636542997
990.25	99.77266555140221
990.5	99.59305419180845
990.75	99.4138017285413
991.	99.2349074274824
991.25	99.05637055606606
991.5	98.87819038248546
991.75	98.70036617831096
992.	98.522897224004
992.25	98.34578278445886
992.5	98.16902213482187
992.75	97.99261455177118
993.	97.81655931351413
993.25	97.64085569978305
993.5	97.46550299183262
993.75	97.29050047243614
994.	97.11584742588228
994.25	96.94154313797173
994.5	96.76758689601375
994.75	96.5939779888232
995.	96.42071570671683
995.25	96.24779934151027
995.5	96.07522818651455
995.75	95.90300153653271
996.	95.73111868785698
996.25	95.55957893715801
996.5	95.38838158291023
996.75	95.21752592774274
997.	95.04701127387041
997.25	94.87683692498084
997.5	94.70700218623102
997.75	94.53750636424394
998.	94.36834876710546
998.25	94.19952870436137
998.5	94.03104548701361
998.75	93.86289842882165
999.	93.6950868458523
999.25	93.52761004996644
999.5	93.36046735796033
999.75	93.19365808807072
1000.	93.02718155997192