5.	1.6367235259246548e12
5.25	1.4484862927616052e12
5.5	1.2744982581630754e12
5.75	1.1278089416734292e12
6.	1.0005546143953789e12
6.25	8.893727796604736e11
6.5	7.93947203097121e11
6.75	7.121975966371589e11
7.	6.408216237523292e11
7.25	5.781890745570709e11
7.5	5.238083011206557e11
7.75	4.7555314411156635e11
8.	4.30907383188624e11
8.25	3.910716470105674e11
8.5	3.553916537427207e11
8.75	3.236266801119998e11
9.	2.9586657330731104e11
9.25	2.7103763183382928e11
9.5	2.4876491181787262e11
9.75	2.2872949134449924e11
10.	2.1065880498239072e11
10.25	1.943186020263856e11
10.5	1.8000767293086002e11
10.75	1.6713700094369092e11
11.	1.5552097386604782e11
11.25	1.443879708295721e11
11.5	1.3393596526802931e11
11.75	1.243529120958837e11
12.	1.1554799347982887e11
12.25	1.0747116082900241e11
12.5	1.0024133332599025e11
12.75	9.360949661962553e10
13.	8.751705067153648e10
13.25	8.191206941836937e10
13.5	7.674829354752396e10
13.75	7.198449945050594e10
14.	6.758385399491143e10
14.25	6.3513579231579216e10
14.5	5.974278588858241e10
14.75	5.627103453382922e10
15.	5.312581218971867e10
15.25	5.021793006552082e10
15.5	4.752674911944491e10
15.75	4.503367408311641e10
16.	4.272191065271061e10
16.25	4.043411541303135e10
16.5	3.823756665934567e10
16.75	3.618003740639867e10
17.	3.4251108076147644e10
17.25	3.244125128300396e10
17.5	3.074175968883642e10
17.75	2.914453662191778e10
18.	2.7673632031215446e10
18.25	2.63005553994476e10
18.5	2.5011694058767944e10
18.75	2.3801031401054e10
19.	2.2662556215409298e10
19.25	2.159151536234265e10
19.5	2.058338406776013e10
19.75	1.963386600654917e10
20.	1.873900062043842e10
20.25	1.7895143995493576e10
20.5	1.7098903610660036e10
20.75	1.634676230668816e10
21.	1.5636205925244532e10
21.25	1.496461263366437e10
21.5	1.4329502270915842e10
21.75	1.372857598548648e10
22.	1.3172979768071796e10
22.25	1.2649006614748337e10
22.5	1.2153841960054249e10
22.75	1.1685661370807468e10
23.	1.1242841741923086e10
23.25	1.0823832357292173e10
23.5	1.039834064781876e10
23.75	9.98244206806986e9
24.	9.586258952298546e9
24.25	9.208703510949808e9
24.5	8.848753226139456e9
24.75	8.5054533611169815e9
25.	8.177789847721742e9
25.25	7.864939036508458e9
25.5	7.566212705788698e9
25.75	7.280867161354115e9
26.	7.008200192907791e9
26.25	6.747564114713386e9
26.5	6.498335131495525e9
26.75	6.25995007819027e9
27.	6.034281420247238e9
27.25	5.820841885076353e9
27.5	5.616833357135874e9
27.75	5.421776786045365e9
28.	5.235223791561732e9
28.25	5.056750856420973e9
28.5	4.885958277606297e9
28.75	4.72246864647669e9
29.	4.56590163300552e9
29.25	4.415942977840592e9
29.5	4.272275705979342e9
29.75	4.1345991269820294e9
30.	4.0026291415787554e9
30.25	3.8760949958735003e9
30.5	3.7547401661385508e9
30.75	3.638326585757906e9
31.	3.5266261315377526e9
31.25	3.4194220744928217e9
31.5	3.3165088922166796e9
31.75	3.21769207209582e9
32.	3.1227867318162737e9
32.25	3.03161670756715e9
32.5	2.944011288263335e9
32.75	2.859813123623713e9
33.	2.7788358043405004e9
33.25	2.7009407688875003e9
33.5	2.6260245204885883e9
33.75	2.555407715699181e9
34.	2.4827133973636527e9
34.25	2.4101838420906653e9
34.5	2.3401903914727283e9
34.75	2.272631337714756e9
35.	2.2074092579415364e9
35.25	2.1444315281465762e9
35.5	2.083609474784782e9
35.75	2.024858288563157e9
36.	1.9680693628086228e9
36.25	1.913172237896756e9
36.5	1.8601147413728936e9
36.75	1.8088259806631908e9
37.	1.7592337029189847e9
37.25	1.7112748434767113e9
37.5	1.6648917422887695e9
37.75	1.6200250258191438e9
38.	1.5766180686674027e9
38.25	1.5346170200142045e9
38.5	1.4939701565586185e9
38.75	1.4546275186137643e9
39.	1.4165417816035001e9
39.25	1.3796673558833299e9
39.5	1.3439604978779292e9
39.75	1.3093790495366192e9
40.	1.2758830594460037e9
40.25	1.2434337907307591e9
40.5	1.211993767595327e9
40.75	1.1815274202248733e9
41.	1.1519999902445605e9
41.25	1.1233786271789787e9
41.5	1.095632863010096e9
41.75	1.0687322736203177e9
42.	1.0426476674259683e9
42.25	1.0173938238426741e9
42.5	9.932683940954502e8
42.75	9.698834231354588e8
43.	9.472134156912477e8
43.25	9.252337754998509e8
43.5	9.039160594757414e8
43.75	8.832245188692205e8
44.	8.631548456389648e8
44.25	8.436855987514514e8
44.5	8.247972528670462e8
44.75	8.064703628232471e8
45.	7.886863247345295e8
45.25	7.714270596863672e8
45.5	7.546752997382964e8
45.75	7.384143122410237e8
46.	7.226281177956663e8
46.25	7.073013534079969e8
46.5	6.924191359149474e8
46.75	6.779670077084831e8
47.	6.639309061473286e8
47.25	6.502974432173015e8
47.5	6.370512884492218e8
47.75	6.241828649897852e8
48.	6.116801295937165e8
48.25	5.995316536229804e8
48.5	5.877263330392686e8
48.75	5.762533385135031e8
49.	5.651023182508097e8
49.25	5.534344032347946e8
49.5	5.416257642444637e8
49.75	5.3011241836958444e8
50.	5.188859401284368e8
50.25	5.079382431867107e8
50.5	4.972614741836162e8
50.75	4.868476857634921e8
51.	4.7668984481767625e8
51.25	4.66780834691562e8
51.5	4.571137586302114e8
51.75	4.476813968033216e8
52.	4.3847758392952824e8
52.25	4.294961937600068e8
52.5	4.2073123621742284e8
52.75	4.121768818090805e8
53.	4.038274122770284e8
53.25	3.95677036500075e8
53.5	3.877205454915547e8
53.75	3.799528278277258e8
54.	3.724562857333296e8
54.25	3.651541893390114e8
54.5	3.580266428053268e8
54.75	3.510689365340548e8
55.	3.442765261807766e8
55.25	3.376451400256326e8
55.5	3.311704726261404e8
55.75	3.2484819373412895e8
56.	3.186743023664687e8
56.25	3.126448552173062e8
56.5	3.067559917219538e8
56.75	3.0100412338518745e8
57.	2.953856358911792e8
57.25	2.898970706675848e8
57.5	2.845332282534922e8
57.75	2.792877006565411e8
58.	2.7416221609862083e8
58.25	2.691536038920742e8
58.5	2.6425885469911006e8
58.75	2.5947516275744638e8
59.	2.5479971873487106e8
59.25	2.502297838289778e8
59.5	2.457626944346467e8
59.75	2.413958337439967e8
60.	2.3712662855121613e8
60.25	2.329527262209858e8
60.5	2.288717511335929e8
60.75	2.248803408385214e8
61.	2.2097717037079248e8
61.25	2.1716017302809533e8
61.5	2.1342722934551695e8
61.75	2.0977627659279e8
62.	2.062052776155377e8
62.25	2.0271230993449172e8
62.5	1.992954796221083e8
62.75	1.9595128420936802e8
63.	1.9267629110880625e8
63.25	1.8947198147380275e8
63.5	1.8633668062391433e8
63.75	1.832687848909303e8
64.	1.802666991804521e8
64.25	1.7732871240725708e8
64.5	1.744533366471526e8
64.75	1.7163919668271768e8
65.	1.6888485466375062e8
65.25	1.6618867947499508e8
65.5	1.6354938231443077e8
65.75	1.6096574628403422e8
66.	1.5843647146283233e8
66.25	1.5596030646815816e8
66.5	1.5353600179859465e8
66.75	1.5116236959647876e8
67.	1.488382303238351e8
67.25	1.46562447810985e8
67.5	1.443339071577395e8
67.75	1.4215149209543288e8
68.	1.4001417465317914e8
68.25	1.379209341111664e8
68.5	1.358707599829788e8
68.75	1.3386268209601709e8
69.	1.3189574203399698e8
69.25	1.2996901189795105e8
69.5	1.280986962149698e8
69.75	1.2627159494768424e8
70.	1.2448217481622319e8
70.25	1.2272959124703866e8
70.5	1.2101301892832164e8
70.75	1.1933165347805631e8
71.	1.1768471082638747e8
71.25	1.1604453896034086e8
71.5	1.1425938382048953e8
71.75	1.1250673064121734e8
72.	1.1078591443769437e8
72.25	1.0909626871357751e8
72.5	1.0743712105348568e8
72.75	1.058078963532566e8
73.	1.042079796333969e8
73.25	1.026367954018368e8
73.5	1.0109375778025414e8
73.75	9.95782749218923e7
74.	9.808982619186349e7
74.25	9.6627851966556e7
74.5	9.519184078194787e7
74.75	9.378127837942226e7
75.	9.239566033660862e7
75.25	9.10344915913989e7
75.5	8.969727538515928e7
75.75	8.83835557547969e7
76.	8.70922575559256e7
76.25	8.582217937550971e7
76.5	8.457421374229954e7
76.75	8.334793735358696e7
77.	8.214293158331999e7
77.25	8.095875717347339e7
77.5	7.979494739736366e7
77.75	7.865089855674295e7
78.	7.752643677691063e7
78.25	7.642126962088971e7
78.5	7.533501967132562e7
78.75	7.426733609069663e7
79.	7.321783389157796e7
79.25	7.2186146601104e7
79.5	7.117198013113685e7
79.75	7.017497414988254e7
80.	6.919482991737753e7
80.25	6.823121314060506e7
80.5	6.728383743829764e7
80.75	6.63523901775831e7
81.	6.5436582347669244e7
81.25	6.4536118375153095e7
81.5	6.365071214941689e7
81.75	6.2780088033198416e7
82.	6.1923965588218994e7
82.25	6.1082025740569726e7
82.5	6.025400195928936e7
82.75	5.943968452316559e7
83.	5.8638820907806374e7
83.25	5.785117575496669e7
83.5	5.707650368550224e7
83.75	5.6314572013532e7
84.	5.556514435625725e7
84.25	5.482799729494556e7
84.5	5.410290657124231e7
84.75	5.33896538504234e7
85.	5.26880178774742e7
85.25	5.19977888754794e7
85.5	5.131875945617265e7
85.75	5.0650721888977505e7
86.	4.999349512914779e7
86.25	4.934688578063631e7
86.5	4.8710704007004164e7
86.75	4.808476482565005e7
87.	4.746887838963044e7
87.25	4.686286800719136e7
87.5	4.62665645962693e7
87.75	4.56797967509256e7
88.	4.5102396334603354e7
88.25	4.45341983759163e7
88.5	4.397504163978797e7
88.75	4.3424761682302155e7
89.	4.288320287022954e7
89.25	4.235021894801397e7
89.5	4.182566007411484e7
89.75	4.130937274266855e7
90.	4.080119590565566e7
90.25	4.030101012036362e7
90.5	3.981049148920773e7
90.75	3.93294211257308e7
91.	3.885592612210623e7
91.25	3.838987507941953e7
91.5	3.793113945805669e7
91.75	3.7479587774882555e7
92.	3.703509758694091e7
92.25	3.659755111280458e7
92.5	3.616682931135856e7
92.75	3.574281533867257e7
93.	3.5325390729503736e7
93.25	3.4914441510150276e7
93.5	3.4509820423837796e7
93.75	3.4111463215117596e7
94.	3.371926382242367e7
94.25	3.3333111945936844e7
94.5	3.2952909210749026e7
94.75	3.2578544622450456e7
95.	3.2209932698296227e7
95.25	3.1846972678432062e7
95.5	3.1489572051849898e7
95.75	3.1137640866269313e7
96.	3.0791087145915445e7
96.25	3.0449816487927455e7
96.5	3.0113744827845532e7
96.75	2.978278691111705e7
97.	2.945685655062608e7
97.25	2.9135868692216985e7
97.5	2.8819745220481995e7
97.75	2.850840594249982e7
98.	2.8201768224001396e7
98.25	2.7899747798051633e7
98.5	2.7602265068299435e7
98.75	2.730923795306968e7
99.	2.702060010887635e7
99.25	2.673629412264258e7
99.5	2.6456194929096587e7
99.75	2.6180214684171904e7
100.	2.590835622334339e7
100.25	2.5640554364922766e7
100.5	2.537644417549767e7
100.75	2.511600596132301e7
101.	2.485942848377637e7
101.25	2.4606639275609203e7
101.5	2.4357586430832017e7
101.75	2.41122093948039e7
102.	2.387045209834576e7
102.25	2.3632254644705907e7
102.5	2.3397562743036684e7
102.75	2.31663189981401e7
103.	2.2938470326272473e7
103.25	2.271396247203585e7
103.5	2.2470818735273212e7
103.75	2.2221719531644106e7
104.	2.1975832265447687e7
104.25	2.1733137594887074e7
104.5	2.149358963456299e7
104.75	2.125714288976638e7
105.	2.1023752472358134e7
105.25	2.0793374961608063e7
105.5	2.0565956999595482e7
105.75	2.0341463810106765e7
106.	2.0119855769759625e7
106.25	1.990108548975038e7
106.5	1.9685118126260333e7
106.75	1.947191439245401e7
107.	1.926143512449117e7
107.25	1.9053641783841558e7
107.5	1.8848496445233364e7
107.75	1.864596171142047e7
108.	1.8446000756554928e7
108.25	1.8248573533756476e7
108.5	1.8053646414976105e7
108.75	1.7861186282831784e7
109.	1.767115843252539e7
109.25	1.7483529037715133e7
109.5	1.729826463005918e7
109.75	1.7115127497465387e7
110.	1.6934277732551396e7
110.25	1.6755690554193322e7
110.5	1.6579337733290978e7
110.75	1.640518849508476e7
111.	1.623321242364258e7
111.25	1.6063373310283897e7
111.5	1.5895641503658729e7
111.75	1.572998019991235e7
112.	1.556637373199251e7
112.25	1.5404784600511989e7
112.5	1.5245189958513612e7
112.75	1.508754789604093e7
113.	1.4931850402434606e7
113.25	1.4778069619169835e7
113.5	1.4626182365478996e7
113.75	1.447616350929244e7
114.	1.432798780249605e7
114.25	1.4181630376226278e7
114.5	1.4037064972184991e7
114.75	1.3894267441412827e7
115.	1.3753215726949597e7
115.25	1.3613886414945211e7
115.5	1.3476256440146713e7
115.75	1.3340301135887459e7
116.	1.3205996894901179e7
116.25	1.3073319587296586e7
116.5	1.2942252534660906e7
116.75	1.2812773890904179e7
117.	1.2684860603459079e7
117.25	1.2558494239196097e7
117.5	1.2433654323526684e7
117.75	1.231032052523621e7
118.	1.2188470706010059e7
118.25	1.2068087642628985e7
118.5	1.1949152029572729e7
118.75	1.1831644163028687e7
119.	1.1715544306072515e7
119.25	1.1600835616278963e7
119.5	1.148777154147165e7
119.75	1.137618406958957e7
120.	1.1265928569836073e7
120.25	1.1156983690171126e7
120.5	1.104933396549858e7
120.75	1.0942964285045553e7
121.	1.083785848225227e7
121.25	1.0733999060219208e7
121.5	1.0631370050732696e7
121.75	1.0529950832107302e7
122.	1.042972637182489e7
122.25	1.0330685177643808e7
122.5	1.0232811988780014e7
122.75	1.0136090711910464e7
123.	1.0040507709768584e7
123.25	9.946047247777361e6
123.5	9.852685569614662e6
123.75	9.760412860438606e6
124.	9.669217895760471e6
124.25	9.579089240821319e6
124.5	9.490012739249475e6
124.75	9.40197547131094e6
125.	9.314963640584476e6
125.25	9.22896460013176e6
125.5	9.14396515620239e6
125.75	9.05995270077575e6
126.	8.976914822052257e6
126.25	8.894838773568012e6
126.5	8.813712835839774e6
126.75	8.733523891259573e6
127.	8.654257791433088e6
127.25	8.575906074705219e6
127.5	8.498437656243656e6
127.75	8.421838338540463e6
128.	8.346118915175292e6
128.25	8.27126831424907e6
128.5	8.19727562624902e6
128.75	8.124130053969882e6
129.	8.051821034248777e6
129.25	7.980338165569394e6
129.5	7.909669947799338e6
129.75	7.839805289787166e6
130.	7.770731887539297e6
130.25	7.702442691793173e6
130.5	7.634929365716776e6
130.75	7.568182327257742e6
131.	7.502176927219053e6
131.25	7.436918240433956e6
131.5	7.372397564027785e6
131.75	7.308605915513074e6
132.	7.245532012347166e6
132.25	7.183168664528581e6
132.5	7.121507686145155e6
132.75	7.060494311061551e6
133.	7.000059294449316e6
133.25	6.940300438107131e6
133.5	6.881209502005367e6
133.75	6.82277834239889e6
134.	6.764998296286114e6
134.25	6.707860265415777e6
134.5	6.651358236526847e6
134.75	6.595484501620892e6
135.	6.540231464500287e6
135.25	6.485591628579429e6
135.5	6.431557593926304e6
135.75	6.378122058534827e6
136.	6.325267163145672e6
136.25	6.272994242714713e6
136.5	6.221298803707175e6
136.75	6.170171137426039e6
137.	6.119605643459582e6
137.25	6.069597107482242e6
137.5	6.020138890948111e6
137.75	5.971223003076898e6
138.	5.922843912579025e6
138.25	5.874995714917153e6
138.5	5.82767097659006e6
138.75	5.780859525379562e6
139.	5.734560242430923e6
139.25	5.688766186037935e6
139.5	5.6434714400825305e6
139.75	5.598670920238595e6
140.	5.554358810741918e6
140.25	5.51052937166245e6
140.5	5.467176937822375e6
140.75	5.424294602373686e6
141.	5.381877918534632e6
141.25	5.339921657184968e6
141.5	5.298420441799304e6
141.75	5.257368965442617e6
142.	5.216761047978677e6
142.25	5.176592000580448e6
142.5	5.136853947769823e6
142.75	5.09754484312154e6
143.	5.058659879108081e6
143.25	5.020192972574921e6
143.5	4.982140349541717e6
143.75	4.944497307539925e6
144.	4.907259123902577e6
144.25	4.870420490585747e6
144.5	4.833976941390709e6
144.75	4.797924423272561e6
145.	4.762258450185503e6
145.25	4.726974037948078e6
145.5	4.692066868859895e6
145.75	4.657533109571378e6
146.	4.623368499871605e6
146.25	4.589568074589984e6
146.5	4.556128224498929e6
146.75	4.523045040863725e6
147.	4.49031418548749e6
147.25	4.457929501863337e6
147.5	4.425888575738024e6
147.75	4.394188285858659e6
148.	4.362824117693481e6
148.25	4.331792998509604e6
148.5	4.301091114724811e6
148.75	4.270714118992897e6
149.	4.240659045251248e6
149.25	4.210922120701251e6
149.5	4.1814993981872294e6
149.75	4.1523869099123557e6
150.	4.1219032562327012e6
150.25	4.0889720103592793e6
150.5	4.0563473491441617e6
150.75	4.0240247219571774e6
151.	3.9920039099139627e6
151.25	3.960281105957134e6
151.5	3.9288519109585015e6
151.75	3.8977150505593675e6
152.	3.866867628819412e6
152.25	3.8363066810662868e6
152.5	3.8060292888956643e6
152.75	3.776032582961712e6
153.	3.7463137376345946e6
153.25	3.7168698741635974e6
153.5	3.687698347781811e6
153.75	3.6587961897713398e6
154.	3.630160923453884e6
154.25	3.601787542043484e6
154.5	3.573672469664101e6
154.75	3.5458162011261075e6
155.	3.5182145779534783e6
155.25	3.490866073090032e6
155.5	3.4637686040089778e6
155.75	3.4369196106592123e6
156.	3.4103165771852043e6
156.25	3.3839571065861476e6
156.5	3.3578387576224008e6
156.75	3.3319591186762108e6
157.	3.30631580689745e6
157.25	3.2809064674725826e6
157.5	3.2557287729079523e6
157.75	3.230780422458503e6
158.	3.2060588839188367e6
158.25	3.1815608374384376e6
158.5	3.1572853660560916e6
158.75	3.133230271150248e6
159.	3.1093933785224287e6
159.25	3.085772528517317e6
159.5	3.0623655697855568e6
159.75	3.0391674943431774e6
160.	3.0161742550415276e6
160.25	2.9933854648474175e6
160.5	2.9708008829682563e6
160.75	2.9484188755812496e6
161.	2.9262362027138975e6
161.25	2.9042521714109057e6
161.5	2.8824648310004296e6
161.75	2.860872254030446e6
162.	2.8394725354941855e6
162.25	2.818263722721973e6
162.5	2.7972439768493497e6
162.75	2.776411484919423e6
163.	2.755764415032917e6
163.25	2.735300776418087e6
163.5	2.715004620364579e6
163.75	2.694888398357169e6
164.	2.6749474716007044e6
164.25	2.6551806407230007e6
164.5	2.6355887224415876e6
164.75	2.6161700276849926e6
165.	2.596922885442924e6
165.25	2.5778397099786056e6
165.5	2.5589244289805284e6
165.75	2.540175010916238e6
166.	2.5215905707201054e6
166.25	2.503169525107727e6
166.5	2.4849103076168494e6
166.75	2.4668113684096513e6
167.	2.448871174077593e6
167.25	2.431088207448815e6
167.5	2.4134606592571903e6
167.75	2.39598673453322e6
168.	2.378665227788915e6
168.25	2.361493334844532e6
168.5	2.344471282337726e6
168.75	2.3275976467647296e6
169.	2.310871019587681e6
169.25	2.294289905385508e6
169.5	2.2778523050500727e6
169.75	2.261557564323386e6
170.	2.2454043328207773e6
170.25	2.2293912742665396e6
170.5	2.213517066331495e6
170.75	2.1977804004721916e6
171.	2.1821795642633317e6
171.25	2.166713368143991e6
171.5	2.1513808596912194e6
171.75	2.1361807842887943e6
172.	2.1211118996799346e6
172.25	2.1061704705914133e6
172.5	2.0913571417471908e6
172.75	2.0766710388066156e6
173.	2.062111246858083e6
173.25	2.0476765870492365e6
173.5	2.0333658926734128e6
173.75	2.019177953398454e6
174.	2.0051111334274586e6
174.25	1.9911648422299062e6
174.5	1.977337960349017e6
174.75	1.9636282629575203e6
175.	1.9500352624139648e6
175.25	1.9365578351793552e6
175.5	1.923177732205571e6
175.75	1.9098897983010155e6
176.	1.8967146365839648e6
176.25	1.8836510164217022e6
176.5	1.8706977880332156e6
176.75	1.8578542407187386e6
177.	1.845119367146616e6
177.25	1.832492138929928e6
177.5	1.8199711692189237e6
177.75	1.8075559059899917e6
178.	1.7952453821039211e6
178.25	1.783038614175634e6
178.5	1.7709342818078627e6
178.75	1.7589318408734133e6
179.	1.747030361670988e6
179.25	1.7352287949470864e6
179.5	1.7235260950707733e6
179.75	1.7119216212946775e6
180.	1.7004144816685652e6
180.25	1.6890031277017994e6
180.5	1.6776863641365783e6
180.75	1.666464289763528e6
181.	1.6553358486919014e6
181.25	1.6443002648822644e6
181.5	1.6333568253584425e6
181.75	1.6225045253795034e6
182.	1.6117425651306587e6
182.25	1.6010702732839875e6
182.5	1.590486644017486e6
182.75	1.579990971435462e6
183.	1.5695825600157902e6
183.25	1.5592603626258946e6
183.5	1.5490238641044437e6
183.75	1.5388721912621532e6
184.	1.5288045469034421e6
184.25	1.5188203169441707e6
184.5	1.5089185267600953e6
184.75	1.499098672405416e6
185.	1.48935980537409e6
185.25	1.4797003520080508e6
185.5	1.4701205175777487e6
185.75	1.4606196367047443e6
186.	1.4511969764271914e6
186.25	1.4418504114612201e6
186.5	1.4325803590357692e6
186.75	1.4233864807678594e6
187.	1.4142680303207606e6
187.25	1.4052244361795788e6
187.5	1.3962549098079067e6
187.75	1.3873589066224925e6
188.	1.3785357259915683e6
188.25	1.3697847137388121e6
188.5	1.361105277178488e6
188.75	1.3524967407875825e6
189.	1.343958486733345e6
189.25	1.3354896009491154e6
189.5	1.3270892160390702e6
189.75	1.3187572438754162e6
190.	1.3104931181506498e6
190.25	1.3022962420684828e6
190.5	1.2941660226285534e6
190.75	1.2861018734061033e6
191.	1.278103214336174e6
191.25	1.2701694715265906e6
191.5	1.2623034069597502e6
191.75	1.2545042030243303e6
192.	1.2467681136695882e6
192.25	1.239094589563342e6
192.5	1.2314831728214265e6
192.75	1.2239332815033644e6
193.	1.2164418987428462e6
193.25	1.2090107247337874e6
193.5	1.2016393966978975e6
193.75	1.1943274119598463e6
194.	1.1870742470680405e6
194.25	1.1798793960013879e6
194.5	1.1727423517171207e6
194.75	1.1656626203877486e6
195.	1.1586396989875943e6
195.25	1.1516731014896024e6
195.5	1.1447623431406864e6
195.75	1.1379069424297854e6
196.	1.1311064231770125e6
196.25	1.124359734797261e6
196.5	1.117666910102982e6
196.75	1.1110275586929529e6
197.	1.1044412179401394e6
197.25	1.097907435308652e6
197.5	1.091424783445239e6
197.75	1.0849934885539075e6
198.	1.0786108168746538e6
198.25	1.0722789769421415e6
198.5	1.0659975364352725e6
198.75	1.0597660670823301e6
199.	1.0535838921441373e6
199.25	1.0474505301939056e6
199.5	1.0413658721261868e6
199.75	1.0353295054846952e6
200.	1.029341076016733e6
200.25	1.0234001455994287e6
200.5	1.0175062908152941e6
200.75	1.0116591141154291e6
201.	1.00585822191635e6
201.25	1.0001032242919003e6
201.5	994393.6293608833
201.75	988728.7697681558
202.	983108.6510261999
202.25	977532.8974923834
202.5	972001.1370002239
202.75	966513.0008244483
203.	961068.1236465098
203.25	955666.1435204232
203.5	950306.7018389865
203.75	944989.4407384525
204.	939713.5755017089
204.25	934479.187748901
204.5	929285.9319172
204.75	924133.4656190524
205.	919021.449610547
205.25	913949.5477601339
205.5	908917.4270561986
205.75	903924.7574726878
206.	898970.9481033209
206.25	894055.8096692137
206.5	889179.1460836495
206.75	884339.81895711
207.	879538.205338919
207.25	874774.1115196833
207.5	870047.2280482455
207.75	865357.2102692522
208.	860703.4800614202
208.25	856085.6545240149
208.5	851501.9689215798
208.75	846953.9682344524
209.	842441.3596668513
209.25	837963.301335292
209.5	833516.2635105376
209.75	829103.4797589862
210.	824724.9175165828
210.25	820380.2972547144
210.5	816069.3419694518
210.75	811791.7771568834
211.	807547.3307887133
211.25	803335.4837529721
211.5	799156.179116411
211.75	795009.1883959227
212.	790894.2492393663
212.25	786811.1016519716
212.5	782759.4745163633
212.75	778738.8786406881
213.	774749.3054901838
213.25	770790.5042844345
213.5	766862.2264883261
213.75	762964.1118942378
214.	759094.7816283407
214.25	755255.0770104213
214.5	751444.2504660685
214.75	747662.7172528976
215.	743910.2419516239
215.25	740186.4361758676
215.5	736491.1584014251
215.75	732824.2424870122
216.	729185.4612997867
216.25	725574.5705662138
216.5	721991.1840784558
216.75	718419.7221882571
217.	714872.4499952188
217.25	711352.1393630775
217.5	707827.8506381579
217.75	703770.6689950799
218.	699740.6151773663
218.25	695737.4897652663
218.5	691760.9593052784
218.75	687810.9299617189
219.	683887.2450700848
219.25	679989.7066614269
219.5	676117.9798564962
219.75	672272.0288000953
220.	668451.6675179205
220.25	664656.6316171973
220.5	660886.7501693572
220.75	657141.8693588764
221.	653421.267379851
221.25	649725.232268924
221.5	646053.6927094776
221.75	642406.4554860124
222.	638783.249679723
222.25	635184.0148049351
222.5	631608.5536793187
222.75	628056.6237287463
223.	624528.1525463973
223.25	621022.9209972746
223.5	617540.7495897803
223.75	614081.536912904
224.	610645.0283614846
224.25	607231.1334702014
224.5	603839.6720469188
224.75	600470.4550269155
225.	597123.3876483999
225.25	593798.2176788447
225.5	590494.8841750199
225.75	587213.1602118497
226.	583952.9439925497
226.25	580714.0444517671
226.5	577495.9519684024
226.75	574298.771401007
227.	571122.4800881557
227.25	567966.9021543526
227.5	564831.9258262732
227.75	561717.360525724
228.	558623.110028036
228.25	555548.9871181375
228.5	552494.8798515537
228.75	549460.6410932736
229.	546446.1121974483
229.25	543451.1802177201
229.5	540475.693519593
229.75	537519.507948721
230.	534582.503689931
230.25	531664.1516512521
230.5	528764.2956954575
230.75	525883.206706061
231.	523020.75454356236
231.25	520176.6059030232
231.5	517350.6192477367
231.75	514542.8728936251
232.	511747.41723158705
232.25	508965.9067814037
232.5	506202.23390802107
232.75	503456.2741057059
233.	500727.9039732717
233.25	498017.0011020035
233.5	495323.4404119073
233.75	492647.1048158806
234.	489987.8751484401
234.25	487345.633202835
234.5	484720.25951715047
234.75	482111.63463214866
235.	479519.6482729828
235.25	476944.1794571829
235.5	474384.9019109254
235.75	471841.77884074167
236.	469314.83421588625
236.25	466803.95472006325
236.5	464309.02754092857
236.75	461829.94486309285
237.	459366.5972064035
237.25	456918.8762169456
237.5	454486.6733984055
237.75	452069.88250467274
238.	449668.39886447537
238.25	447282.1148390285
238.5	444910.928061557
238.75	442554.16216916655
239.	440211.62498057156
239.25	437883.67584712064
239.5	435570.3630631656
239.75	433271.66118547245
240.	430987.47084194806
240.25	428717.6934047897
240.5	426462.23098434095
240.75	424220.9951778804
241.	421993.7190645489
241.25	419779.833445901
241.5	417579.869529474
241.75	415393.73307854304
242.	413221.3305585268
242.25	411062.5691314753
242.5	408917.2212223276
242.75	406785.22709848033
243.	404666.5967580057
243.25	402561.22959374404
243.5	400468.49067100574
243.75	398388.84239365853
244.	396322.19667032623
244.25	394268.46606167586
244.5	392227.56377511757
244.75	390199.40372517676
245.	388183.90035941894
245.25	386180.9687647328
245.5	384190.352107735
245.75	382212.0790260365
246.	380246.12467816996
246.25	378292.40666098235
246.5	376350.8431773018
246.75	374421.3530334595
247.	372503.8556276496
247.25	370598.27095099515
247.5	368704.51958178624
247.75	366822.522680277
248.	364952.1741121603
248.25	363093.2467773879
248.5	361245.8389678023
248.75	359409.87413103104
249.	357585.27627366694
249.25	355771.96995679697
249.5	353969.8802915679
249.75	352178.93293479265
250.	350399.05408458476
250.25	348630.17047605
250.5	346872.1098197226
250.75	345124.8153343445
251.	343388.2978222773
251.25	341662.48612932547
251.5	339947.30961723014
251.75	338242.69815957657
252.	336548.58213773055
252.25	334864.89243681444
252.5	333191.56044171774
252.75	331528.3811613317
253.	329875.3954022197
253.25	328232.5629898381
253.5	326599.8172735246
253.75	324977.0920829324
254.	323364.2613476356
254.25	321760.9500206383
254.5	320167.4599735532
254.75	318583.5954554143
255.	317009.4063268663
255.25	315444.8457129945
255.5	313889.85071705934
255.75	312344.358893181
256.	310808.3082428107
256.25	309281.6372112357
256.5	307764.2029053837
256.75	306255.97312440403
257.	304756.93973294983
257.25	303267.04292092077
257.5	301786.2233049722
257.75	300314.42192518926
258.	298851.58024179086
258.25	297397.52769682993
258.5	295952.3080511694
258.75	294515.8738889827
259.	293088.168321967
259.25	291669.13486587553
259.5	290258.71743738273
259.75	288856.7771050743
260.	287463.3128078226
260.25	286078.29767139617
260.5	284701.67718842166
260.75	283333.397237175
261.	281973.4005304821
261.25	280621.5383156717
261.5	279277.85563941573
261.75	277942.29989597335
262.	276614.8188506174
262.25	275295.36063726485
262.5	273983.80390329915
262.75	272680.0619444503
263.	271383.2481939587
263.25	270094.0723060268
263.5	268812.65920670296
263.75	267538.88594935485
264.	266272.756263412
264.25	265014.2380491822
264.5	263763.2826548733
264.75	262519.8249618811
265.	261283.76916190216
265.25	260055.13159186434
265.5	258833.8649634331
265.75	257619.48747579654
266.	256412.2266036661
266.25	255212.18536320265
266.5	254019.3247565988
266.75	252833.5991384602
267.	251654.90127566078
267.25	250483.23891382304
267.5	249318.57589580037
267.75	248160.86157894635
268.	247009.9984431041
268.25	245865.33273021187
268.5	244726.78123217853
268.75	243594.9707456232
269.	242469.86254901916
269.25	241351.4425461766
269.5	240239.6579612285
269.75	239134.42993515823
270.	238035.76380158268
270.25	236943.61730382484
270.5	235857.79357752833
270.75	234778.23674231692
271.	233705.0742766617
271.25	232638.21697161757
271.5	231577.67461551158
271.75	230523.39847441975
272.	229475.31878447937
272.25	228433.4354968617
272.5	227397.6870156646
272.75	226368.0343012652
273.	225344.461816873
273.25	224326.89050838316
273.5	223315.3208947029
273.75	222309.69651334386
274.	221309.98132797086
274.25	220316.1499498537
274.5	219328.14261775377
274.75	218345.95339836171
275.	217369.50920560068
275.25	216398.81042543685
275.5	215433.78963283115
275.75	214474.43943706295
276.	213520.69799385298
276.25	212572.55642923506
276.5	211629.95231545658
276.75	210692.8770802252
277.	209761.13191378076
277.25	208834.75690749593
277.5	207913.79294141568
277.75	206998.2054811827
278.	206087.9695606489
278.25	205183.03731981272
278.5	204283.38777413644
278.75	203388.98813071998
279.	202499.79427449225
279.25	201615.78472103257
279.5	200736.92638744006
279.75	199863.18307052003
280.	198994.52305371693
280.25	198130.91820076684
280.5	197272.3365877822
280.75	196418.7466438563
281.	195570.11637565464
281.25	194726.41420940656
281.5	193887.61169912448
281.75	193053.67837725286
282.	192224.58405611757
282.25	191400.29881490814
282.5	190580.7226734191
282.75	189765.77672117224
283.	188955.55012589647
283.25	188150.01288638733
283.5	187349.13628677127
283.75	186552.8926638167
284.	185761.25375248434
284.25	184974.1904059082
284.5	184191.67381209225
284.75	183413.54342404823
285.	182639.68740023478
285.25	181870.2947110595
285.5	181105.3353257453
285.75	180344.78426141993
286.	179588.61397322066
286.25	178836.79653807593
286.5	178089.30641958144
286.75	177346.11702385877
287.	176607.20204997587
287.25	175872.5354645665
287.5	175141.93984661737
287.75	174415.52933394842
288.	173693.23739314525
288.25	172974.55451339902
288.5	172260.00195105706
288.75	171549.55475685364
289.	170843.18814724663
289.25	170140.87750323027
289.5	169442.59836916107
289.75	168748.32645158973
290.	168058.03761810364
290.25	167371.70789618
290.5	166689.31347204538
290.75	166010.83068954464
291.	165336.23604901935
291.25	164665.5062061943
291.5	163998.6179710722
291.75	163335.43454512506
292.	162676.02063576152
292.25	162020.3786402643
292.5	161368.4859781851
292.75	160720.32021794713
293.	160075.8590757909
293.25	159435.0804147278
293.5	158797.96224420436
293.75	158164.48271789224
294.	157534.62013196177
294.25	156908.35292619915
294.5	156285.65968205227
294.75	155666.5191216041
295.	155050.91010661182
295.25	154438.81163751168
295.5	153830.12631194794
295.75	153224.8648410255
296.	152623.05084496507
296.25	152024.66387208927
296.5	151429.68360458055
296.75	150838.0898575418
297.	150249.86259236574
297.25	149664.9819001985
297.5	149083.4279613788
297.75	148505.18111343085
298.	147929.37673777106
298.25	147351.856161646
298.5	146777.57599782042
298.75	146206.50983490748
299.	145638.5471814294
299.25	145073.767519435
299.5	144512.15222233842
299.75	143953.6827848682
300.	143398.2236640848
300.25	142845.73662608158
300.5	142296.33890287628
300.75	141750.01247086326
301.	141206.73942356103
301.25	140666.4185517593
301.5	140128.81936595423
301.75	139594.2182588638
302.	139062.514553338
302.25	138533.7624897865
302.5	138007.95582670768
302.75	137485.07746434739
303.	136965.11041387424
303.25	136448.0377961845
303.5	135933.84284139719
303.75	135422.5088879694
304.	134914.01938218245
304.25	134408.35787755376
304.5	133905.50803352063
304.75	133405.38010936888
305.	132908.02029099772
305.25	132413.42311908695
305.5	131921.57267226346
305.75	131432.4531317483
306.	130946.04878064978
306.25	130462.34400326248
306.5	129981.27504371246
306.75	129500.53297806885
307.	129022.44129459708
307.25	128546.91726252082
307.5	128074.00230278244
307.75	127603.69049643664
308.	127135.96697275834
308.25	126670.81695632086
308.5	126208.22576632738
308.75	125748.17881596858
309.	125290.66161177965
309.25	124835.65975300253
309.5	124383.10665642653
309.75	123933.02403947018
310.	123485.41361612172
310.25	123040.2613514352
310.5	122597.55336879846
310.75	122157.27576632187
311.	121719.41475121243
311.25	121283.95829231967
311.5	120850.8652340477
311.75	120420.11189231441
312.	119991.72045194863
312.25	119565.6775792699
312.5	119141.80890658303
312.75	118720.22906314526
313.	118300.95699181997
313.25	117883.9796981828
313.5	117469.24159214983
313.75	117056.75844738142
314.	116646.53118029669
314.25	116238.5471242755
314.5	115832.79369315626
314.75	115429.25838030431
315.	115027.92875836178
315.25	114628.75700282122
315.5	114231.74987417622
315.75	113774.45041621498
316.	113308.70832212223
316.25	112845.19630840437
316.5	112383.90298622145
316.75	111924.8100071831
317.	111467.87263953115
317.25	111013.11983828784
317.5	110560.54047012272
317.75	110110.12346437844
318.	109661.85781268116
318.25	109215.72897892132
318.5	108771.6894677587
318.75	108329.76834058504
319.	107889.95483569111
319.25	107452.23825049706
319.5	107016.6079430953
319.75	106583.03557277088
320.	106151.50552969173
320.25	105722.02990816548
320.5	105294.5983000019
320.75	104869.20035851521
321.	104445.8191467014
321.25	104024.42013360048
321.5	103605.0238240315
321.75	103187.6201011007
322.	102772.1989043163
322.25	102358.74120800786
322.5	101947.220115585
322.75	101537.55144454137
323.	101129.772060798
323.25	100723.92447980835
323.5	100319.9777897371
323.75	99917.93196960026
324.	99517.78870418003
324.25	99119.53842902154
324.5	98723.16173316297
324.75	98328.6384491557
325.	97935.97956348646
325.25	97545.17618652516
325.5	97156.21144654884
325.75	96769.06194889241
326.	96383.42856661128
326.25	95999.55357752868
326.5	95617.4758861349
326.75	95237.1822924326
327.	94858.67912804948
327.25	94481.95747726395
327.5	94106.98814114988
327.75	93733.77754176864
328.	93362.32173863321
328.25	92992.60284774231
328.5	92624.60666688814
328.75	92258.3390331842
329.	91893.78805508229
329.25	91530.92934757317
329.5	91169.77337563944
329.75	90810.31006631925
330.	90452.4416655483
330.25	90096.09544712523
330.5	89741.41372282512
330.75	89388.37457194868
331.	89036.98649086729
331.25	88687.23393363776
331.5	88338.98604136615
331.75	87992.0602713819
332.	87646.70628677458
332.25	87302.95576261263
332.5	86960.8012523345
332.75	86620.22566299548
333.	86281.23419992146
333.25	85943.80542072831
333.5	85607.94235190014
333.75	85273.63153549381
334.	84940.86648958451
334.25	84609.64147629745
334.5	84279.94436242626
334.75	83951.77361567385
335.	83625.11462577635
335.25	83299.96717533629
335.5	82976.31678574058
335.75	82654.16218092345
336.	82333.49115326193
336.25	82014.29942403774
336.5	81696.57880559686
336.75	81380.32043014221
337.	81065.52155695195
337.25	80752.16744216037
337.5	80440.2581962523
337.75	80129.78336825073
338.	79820.73509638447
338.25	79513.10938539456
338.5	79206.8963920871
338.75	78902.05569373062
339.	78598.54713372025
339.25	78296.43143328672
339.5	77995.69890407566
339.75	77696.3456831827
340.	77398.36470355235
340.25	77101.74899109546
340.5	76806.49132821363
340.75	76512.58438179485
341.	76220.02260589677
341.25	75928.79928216673
341.5	75638.90775916955
341.75	75350.3414477166
342.	75063.09381681302
342.25	74777.15839013206
342.5	74492.52874293887
342.75	74209.1984994128
343.	73927.16071566814
343.25	73646.40905293346
343.5	73366.93700398588
343.75	73088.51844703226
344.	72811.14078285127
344.25	72535.02331679345
344.5	72260.15907609522
344.75	71986.54309691455
345.	71714.16840600169
345.25	71442.96560350685
345.5	71172.96953942772
345.75	70904.19681266807
346.	70636.64088881503
346.25	70370.29600206074
346.5	70105.15639029525
346.75	69841.21611092266
347.	69578.46929769265
347.25	69316.91015183587
347.5	69056.53293449506
347.75	68797.0834905702
348.	68538.78311688
348.25	68281.65216667918
348.5	68025.68502230683
348.75	67770.87609570759
349.	67517.21982826076
349.25	67264.71069096835
349.5	67013.34318373063
349.75	66763.11183469424
350.	66514.01120129357
350.25	66266.03586956246
350.5	66019.18045396972
350.75	65773.40817950125
351.	65528.70297706578
351.25	65285.10124511454
351.5	65042.59771134321
351.75	64801.187131073406
352.	64560.86428709492
352.25	64321.53301394597
352.5	64083.21560749378
352.75	63845.96957267689
353.	63609.789803017986
353.25	63374.67121849847
353.5	63140.60845841707
353.75	62907.59148538625
354.	62675.620383135174
354.25	62444.69017916426
354.5	62214.79592689236
354.75	61985.932705509375
355.	61758.095619830034
355.25	61531.27980014832
355.5	61305.48040209272
355.75	61080.64213409642
356.	60856.79750717884
356.25	60633.95452833379
356.5	60412.10845392832
356.75	60191.25456506546
357.	59971.38816733154
357.25	59752.50459065765
357.5	59534.599189181805
357.75	59317.66734111247
358.	59101.704448592725
358.25	58886.70593756504
358.5	58672.66726840924
358.75	58459.58390428393
359.	58247.45134078105
359.25	58036.26509770866
359.5	57826.02071801154
359.75	57616.713767641086
360.	57408.31808103241
360.25	57200.81743336446
360.5	56994.24071121538
360.75	56788.583572088966
361.	56583.841695852025
361.25	56380.01078461736
361.5	56177.08656261081
361.75	55975.064776052444
362.	55773.94119303075
362.25	55573.71160337524
362.5	55374.371818544445
362.75	55175.917671502844
363.	54978.34501659498
363.25	54781.64972943216
363.5	54585.82770677171
363.75	54390.874866399216
364.	54196.745272592445
364.25	54003.46981500538
364.5	53811.05116259596
364.75	53619.48538068821
365.	53428.76838540522
365.25	53238.8962189891
365.5	53049.86494390236
365.75	52861.67064271581
366.	52674.30941799696
366.25	52487.777392199096
366.5	52302.07070755095
366.75	52117.18552594745
367.	51933.11802884084
367.25	51749.8644171308
367.5	51567.38150293114
367.75	51385.7010543309
368.	51204.82294970948
368.25	51024.74346731067
368.5	50845.45890429367
368.75	50666.96557662909
369.	50489.25981899472
369.25	50312.33798467283
369.5	50136.19644544725
369.75	49960.81421068663
370.	49786.109831776965
370.25	49612.17437354873
370.5	49438.99187363923
370.75	49266.545088645784
371.	49094.85636360547
371.25	48923.92219907571
371.5	48753.739113312084
371.75	48584.30364217133
372.	48415.61233901467
372.25	48247.661774612134
372.5	48080.448537046956
372.75	47913.969231620926
373.	47748.22048076024
373.25	47583.198923921715
373.5	47418.87022808997
373.75	47255.258353034114
374.	47092.363485862836
374.25	46930.18233371771
374.5	46768.711620383605
374.75	46607.948086288416
375.	46447.888487695556
375.25	46288.52959748462
375.5	46129.868204746424
375.75	45971.90111469497
376.	45814.6100476104
376.25	45657.99079271662
376.5	45502.056166977454
376.75	45346.67396482158
377.	45191.940866969264
377.25	45037.882296638294
377.5	44884.49517204516
377.75	44731.776426834986
378.	44579.723009997695
378.25	44428.33188578527
378.5	44277.57300287599
378.75	44127.468979879144
379.	43978.018066058525
379.25	43829.217286286235
379.5	43681.06368028696
379.75	43533.55430255791
380.	43386.68622228887
380.25	43240.456523331064
380.5	43094.85709373555
380.75	42949.869658676056
381.	42805.51179137652
381.25	42661.78063368649
381.5	42518.673341656664
381.75	42376.18712861421
382.	42234.31918494883
382.25	42093.0666583801
382.5	41952.423604152726
382.75	41812.369948878106
383.	41672.92325032641
383.25	41534.08076233398
383.5	41395.839752359825
383.75	41258.197501412375
384.	41121.151303977196
384.25	40984.61723175018
384.5	40848.654006053126
384.75	40713.271155025424
385.	40578.4730807933
385.25	40444.25714557769
385.5	40310.62072464674
385.75	40177.561206246144
386.	40045.075991529746
386.25	39913.14743124124
386.5	39781.78300483079
386.75	39650.98504606943
387.	39520.751007332896
387.25	39391.078353564066
387.5	39261.96456220744
387.75	39133.40122254479
388.	39005.37911919116
388.25	38877.908277621544
388.5	38750.986224872024
388.75	38624.61050014959
389.	38498.778654767804
389.25	38373.48275790148
389.5	38248.714195312634
389.75	38124.482138770545
390.	38000.78418760976
390.25	37877.61795295326
390.5	37754.98105765015
390.75	37632.85974392032
391.	37511.258442684026
391.25	37390.179326954436
391.5	37269.62006608604
391.75	37149.57834085236
392.	37030.04494327328
392.25	36911.01646609246
392.5	36792.49854920003
392.75	36674.48891864753
393.	36556.98531160702
393.25	36439.978021284915
393.5	36323.46577429516
393.75	36207.45274869002
394.	36091.93672572917
394.25	35976.915497977236
394.5	35862.37511026661
394.75	35748.32380408915
395.	35634.76065881408
395.25	35521.683509463626
395.5	35409.08363517863
395.75	35296.95976499561
396.	35185.27557547812
396.25	35074.0403687049
396.5	34963.275261682975
396.75	34852.97623489705
397.	34743.14785075831
397.25	34633.788028252784
397.5	34524.88902512314
397.75	34416.44926004518
398.	34308.4718126768
398.25	34200.95464234554
398.5	34093.88715676733
398.75	33987.2741863812
399.	33881.11537217466
399.25	33775.40540613515
399.5	33670.13922698924
399.75	33565.321174569945
400.	33460.9490521796
400.25	33357.01219436043
400.5	33253.51752364773
400.75	33150.46309700451
401.	33047.83943189762
401.25	32945.65174208309
401.5	32843.89897850498
401.75	32742.571565749262
402.	32641.67362103286
402.25	32541.204291532584
402.5	32441.153968030227
402.75	32341.52851899914
403.	32242.324023889974
403.25	32143.535283824473
403.5	32045.16582238916
403.75	31947.209050341084
404.	31849.665521297055
404.25	31752.534557337076
404.5	31655.808519733066
404.75	31559.456603110797
405.	31463.507188080705
405.25	31367.774346699138
405.5	31272.05485262224
405.75	31176.73376080971
406.	31081.768941630606
406.25	30987.184270075413
406.5	30892.99430638728
406.75	30799.194077983077
407.	30705.78525365488
407.25	30612.762806112234
407.5	30520.128072707932
407.75	30427.87679539907
408.	30336.009227251634
408.25	30244.522564377505
408.5	30153.415350636013
408.75	30062.686794328423
409.	29972.333222562174
409.25	29882.35546456496
409.5	29792.749777163426
409.75	29703.515626809152
410.	29614.616304709194
410.25	29526.022627002094
410.5	29437.795568254376
410.75	29349.93344925391
411.	29262.433310024797
411.25	29175.294593750557
411.5	29088.515882538562
411.75	29002.09548782876
412.	28916.03086246505
412.25	28830.321424347378
412.5	28744.965568722404
412.75	28659.961689317788
413.	28575.30820198105
413.25	28491.00354267261
413.5	28407.045977801314
413.75	28323.43419242974
414.	28240.16673822657
414.25	28157.242105222107
414.5	28074.622492259678
414.75	27992.333298471163
415.	27910.382245352863
415.25	27828.767640011156
415.5	27747.48823456197
415.75	27666.542599542714
416.	27585.929313978213
416.25	27505.537923928914
416.5	27424.432797166686
416.75	27343.65541405115
417.	27263.204499831583
417.25	27183.07816747615
417.5	27103.275547725854
417.75	27023.79483433833
418.	26944.63581294213
418.25	26865.799958371725
418.5	26787.198210531642
418.75	26708.86932679798
419.	26630.85512850173
419.25	26553.154198473192
419.5	26475.705202750505
419.75	26398.502534489802
420.	26321.611110413654
420.25	26245.029619632005
420.5	26168.756757399664
420.75	26092.791225085544
421.	26017.131730142082
421.25	25941.77698607454
421.5	25866.725712410862
421.75	25791.957100236286
422.	25717.470518200753
422.25	25643.283404339854
422.5	25569.39450236517
422.75	25495.80256186572
423.	25422.506338272582
423.25	25349.504592831214
423.5	25276.796092572702
423.75	25204.379727055562
424.	25132.254233194522
424.25	25060.41831779181
424.5	24988.870770740406
424.75	24917.610387575096
425.	24846.63596944427
425.25	24775.946323081957
425.5	24705.54026078849
425.75	24635.4166004045
426.	24565.574165227183
426.25	24496.01178405647
426.5	24426.72829114033
426.75	24357.722526147685
427.	24288.99333414154
427.25	24220.539565552142
427.5	24152.360076150362
427.75	24084.45372702112
428.	24016.819384537182
428.25	23949.423354442715
428.5	23882.296758796096
428.75	23815.43863420195
429.	23748.847868255318
429.25	23682.523353708388
429.5	23616.46398844497
429.75	23550.668675455167
430.	23485.136324728137
430.25	23419.86584863079
430.5	23354.85616412734
430.75	23290.106194381933
431.	23225.614823789194
431.25	23161.381014594317
431.5	23097.403719096554
431.75	23033.681880241893
432.	22970.214445860664
432.25	22907.00036864218
432.5	22844.03860611104
432.75	22781.328120604307
433.	22718.867879247333
433.25	22656.656853930137
433.5	22594.694021283995
433.75	22532.962263902475
434.	22471.464422163892
434.25	22410.211588696446
434.5	22349.202759146214
434.75	22288.436933784495
435.	22227.913117485034
435.25	22167.63031970152
435.5	22107.587554444992
435.75	22047.726002064348
436.	21988.093545845455
436.25	21928.69788664828
436.5	21869.538057124013
436.75	21810.61309436903
437.	21751.922039903213
437.25	21693.46393964825
437.5	21635.237848308396
437.75	21577.242821099164
438.	21519.477911949536
438.25	21461.942184175183
438.5	21404.634705387154
438.75	21347.537113932965
439.	21290.65860726131
439.25	21234.00545453775
439.5	21177.57674058778
439.75	21121.3715544278
440.	21065.3889893046
440.25	21009.628142638983
440.5	20954.018784296535
440.75	20898.549987930845
441.	20843.29979897658
441.25	20788.267332807194
441.5	20733.451708839846
441.75	20678.852050515707
442.	20624.46748528041
442.25	20570.29714456461
442.5	20516.34016376463
442.75	20462.59568222324
443.	20409.062843210508
443.25	20355.719246981786
443.5	20302.585326972752
443.75	20249.660394764138
444.	20196.943609355105
444.25	20144.43413357733
444.5	20092.131134076433
444.75	20040.033781295457
445.	19988.14124945188
445.25	19936.452716521577
445.5	19884.967387259672
445.75	19833.68442472005
446.	19782.603017102807
446.25	19731.722357241593
446.5	19681.041641639073
446.75	19630.56007044909
447.	19580.27499933442
447.25	19530.170070911947
447.5	19480.26181374121
447.75	19430.549442589636
448.	19381.03217578826
448.25	19331.70923521453
448.5	19282.5798462753
448.75	19233.64323788978
449.	19184.898642472635
449.25	19136.345295917283
449.5	19087.982437579023
449.75	19039.80931025848
450.	18991.825160185082
450.25	18944.02923700052
450.5	18896.420793742396
450.75	18848.986162855377
451.	18801.733194664637
451.25	18754.665401097413
451.5	18707.78204877494
451.75	18661.082407633312
452.	18614.56575090761
452.25	18568.23135511604
452.5	18522.078500044314
452.75	18476.106468729904
453.	18430.314547446582
453.25	18384.702025688857
453.5	18339.268196156634
453.75	18294.01235473986
454.	18248.922312097962
454.25	18204.0048416126
454.5	18159.26319019899
454.75	18114.696666499884
455.	18070.30458227226
455.25	18026.08625237248
455.5	17982.040994741572
455.75	17938.168130390433
456.	17894.427326068108
456.25	17850.848097367605
456.5	17807.439024642175
456.75	17764.199441489167
457.	17721.11620902274
457.25	17678.199598881896
457.5	17635.450428851786
457.75	17592.86804454022
458.	17546.75506981631
458.25	17500.097358782667
458.5	17453.584907192308
458.75	17407.21723838271
459.	17360.993877460907
459.25	17314.914351296124
459.5	17268.977504131057
459.75	17223.17155905873
460.	17177.507978157297
460.25	17131.986295388153
460.5	17086.606046438275
460.75	17041.366768713033
461.	16996.26800132906
461.25	16951.309285107163
461.5	16906.490162565246
461.75	16861.81017791127
462.	16817.267716049264
462.25	16772.85308343301
462.5	16728.57617533185
462.75	16684.436542749852
463.	16640.433738346186
463.25	16596.567316428343
463.5	16552.836832945275
463.75	16509.241845480672
464.	16465.78191324617
464.25	16422.456599557063
464.5	16379.255632467568
464.75	16336.187610685121
465.	16293.253062975577
465.25	16250.451605559367
465.5	16207.782535656166
465.75	16165.245423819028
466.	16122.839842175621
466.25	16080.565364421858
466.5	16038.41717973356
466.75	15996.39388837597
467.	15954.500384473458
467.25	15912.736248016006
467.5	15871.101060525669
467.75	15829.594405060416
468.	15788.215866201765
468.25	15746.965030048474
468.5	15705.836183196294
468.75	15664.830519695166
469.	15623.951283131712
469.25	15583.198065692277
469.5	15542.57046104953
469.75	15502.06806435639
470.	15461.69047223997
470.25	15421.434928601235
470.5	15381.297429572272
470.75	15341.282548489373
471.	15301.326821182112
471.25	15261.49361210573
471.5	15221.782527224228
471.75	15182.193173932656
472.	15142.721521018928
472.25	15103.360504620707
472.5	15064.088627291905
472.75	15024.936723917748
473.	14985.904409346727
473.25	14946.991299822994
473.5	14908.196227511651
473.75	14869.51321247382
474.	14830.948225309778
474.25	14792.500887853272
474.5	14754.170823305449
474.75	14715.957656229402
475.	14677.860002908257
475.25	14639.872820859659
475.5	14602.001386232296
475.75	14564.245329040798
476.	14526.604280634378
476.25	14489.077873691342
476.5	14451.662244234374
476.75	14414.357757398908
477.	14377.166788277724
477.25	14340.088974866852
477.5	14303.123956464704
477.75	14266.269597799246
478.	14229.523228223925
478.25	14192.888551517164
478.5	14156.365212185903
478.75	14119.952856013344
479.	14083.649194392547
479.25	14047.452239556385
479.5	14011.365186781126
479.75	13975.38768695196
480.	13939.519392204904
480.25	13903.756436447127
480.5	13868.100324159557
480.75	13832.55235635971
481.	13797.112190181628
481.25	13761.778190450057
481.5	13726.547722938927
481.75	13691.424012754162
482.	13656.406722429509
482.25	13621.495116853417
482.5	13586.685052316854
482.75	13551.98037879966
483.	13517.38076336119
483.25	13482.885331123607
483.5	13448.490482869214
483.75	13414.199679768288
484.	13380.012593464402
484.25	13345.927397198442
484.5	13311.942635860443
484.75	13278.060593849328
485.	13244.280947488898
485.25	13210.600343295997
485.5	13177.020746302289
485.75	13143.542560752601
486.	13110.135629057
486.25	13076.825663253756
486.5	13043.61600957553
486.75	13010.505836613489
487.	12977.492329897841
487.25	12944.57817587353
487.5	12911.762880382305
487.75	12879.043135162112
488.	12846.423018473473
488.25	12813.901233233077
488.5	12781.474334760791
488.75	12749.14957050911
489.	12716.93126660968
489.25	12684.807556494634
489.5	12652.780217762422
489.75	12620.847264805896
490.	12589.00883775758
490.25	12557.265867910954
490.5	12525.615292206712
490.75	12494.059537852176
491.	12462.596975673057
491.25	12431.227352964474
491.5	12399.951351031497
491.75	12368.766777504132
492.	12337.675559415477
492.25	12306.67533313866
492.5	12275.767488623376
492.75	12244.950593490226
493.	12214.225046198371
493.25	12183.590178647124
493.5	12153.04585439783
493.75	12122.591749128054
494.	12092.227576409829
494.25	12061.953001499407
494.5	12031.767911941939
494.75	12001.67166495043
495.	11971.664593776444
495.25	11941.745497666101
495.5	11911.915243345622
495.75	11882.172284460119
496.	11852.517389271667
496.25	11822.949834873238
496.5	11793.469183200745
496.75	11764.07572723987
497.	11734.768473710872
497.25	11705.536896843187
497.5	11676.377978844952
497.75	11647.304398066537
498.	11618.316193924473
498.25	11589.413240351594
498.5	11560.595141776654
498.75	11531.861308266221
499.	11503.21186748577
499.25	11474.6465150409
499.5	11446.164954313528
499.75	11417.766811115147
500.	11389.4517716865
500.25	11361.219723048023
500.5	11333.070386421788
500.75	11305.003488055721
501.	11277.01875870683
501.25	11249.115933186802
501.5	11221.29474996201
501.75	11193.554950801145
502.	11165.896280464482
502.25	11138.318486429547
502.5	11110.821318648907
502.75	11083.404529335967
503.	11056.067872775546
503.25	11028.810958877097
503.5	11001.633689578899
503.75	10974.5358200328
504.	10947.517074334548
504.25	10920.5770876851
504.5	10893.715786336863
504.75	10866.93279543071
505.	10840.227939669996
505.25	10813.60092471188
505.5	10787.051575306095
505.75	10760.579527318592
506.	10734.184649754245
506.25	10707.831537607732
506.5	10681.533831870807
506.75	10655.313321593849
507.	10629.155691994954
507.25	10603.068729397837
507.5	10577.058173312898
507.75	10551.123790533286
508.	10525.265348651075
508.25	10499.482616054203
508.5	10473.775361923448
508.75	10448.143356229384
509.	10422.586369729375
509.25	10397.104173964584
509.5	10371.661594849846
509.75	10346.287260604271
510.	10320.986882744464
510.25	10295.760236216569
510.5	10270.60709673537
510.75	10245.527240779247
511.	10220.52044559021
511.25	10195.586489169915
511.5	10170.725150276709
511.75	10145.936208422818
512.	10121.219443871443
512.25	10096.574637633961
512.5	10072.001571467
512.75	10047.500027869699
513.	10023.069790233725
513.25	9998.71064318341
513.5	9974.422370617678
513.75	9950.204757977586
514.	9926.057591432977
514.25	9901.980660819801
514.5	9877.973752518623
514.75	9854.036653116862
515.	9830.169151670587
515.25	9806.365411206734
515.5	9782.619536789538
515.75	9758.942561674136
516.	9735.334277887976
516.25	9711.79447816242
516.5	9688.32295593003
516.75	9664.919505323185
517.	9641.58392124055
517.25	9618.315999181172
517.5	9595.115535321978
517.75	9571.982326543784
518.	9548.916170431377
518.25	9525.916865252495
518.5	9502.98420995524
518.75	9480.118004165572
519.	9457.318048184723
519.25	9434.584142986661
519.5	9411.916090215615
519.75	9389.313692183488
520.	9366.77675186742
520.25	9344.305072907258
520.5	9321.898459603073
520.75	9299.556716912712
521.	9277.279650449313
521.25	9255.067066478876
521.5	9232.91877191779
521.75	9210.834574330418
522.	9188.81428192669
522.25	9166.857703559677
522.5	9144.960397825876
522.75	9123.116212009269
523.	9101.335111324865
523.25	9079.616907253685
523.5	9057.96141193588
523.75	9036.368438140258
524.	9014.837799261986
524.25	8993.369309320196
524.5	8971.962782955725
524.75	8950.618035428763
525.	8929.334882616553
525.25	8908.113141011117
525.5	8886.95262771694
525.75	8865.853160448734
526.	8844.814557529122
526.25	8823.83663788643
526.5	8802.91922105241
526.75	8782.062127160007
527.	8761.26517694114
527.25	8740.528191724467
527.5	8719.85099343316
527.75	8699.23340458275
528.	8678.65134233856
528.25	8658.102911723448
528.5	8637.613407520783
528.75	8617.182654942973
529.	8596.800532054973
529.25	8576.474237080427
529.5	8556.206122041214
529.75	8535.996014550861
530.	8515.84374279479
530.25	8495.749135528225
530.5	8475.71202207408
530.75	8455.73223232086
531.	8435.809596720594
531.25	8415.943946286734
531.5	8396.135112592125
531.75	8376.382927766908
532.	8356.687224496478
532.25	8337.04783601946
532.5	8317.464596125661
532.75	8297.937339154028
533.	8278.465899990704
533.25	8259.050114072039
533.5	8239.689817376422
533.75	8220.384846410025
534.	8201.135038227483
534.25	8181.940230420595
534.5	8162.7978393699705
534.75	8143.701904002987
535.	8124.660438061817
535.25	8105.673281361824
535.5	8086.740274245546
535.75	8067.782968820137
536.	8048.819231009346
536.25	8029.909009986139
536.5	8011.052149248171
536.75	7992.248492805774
537.	7973.497885179586
537.25	7954.800171400629
537.5	7936.155197006372
537.75	7917.562808039606
538.	7899.022851046602
538.25	7880.535173075255
538.5	7862.099621673305
538.75	7843.714007711272
539.	7825.353805908431
539.25	7807.0451726259125
539.5	7788.7867945136995
539.75	7770.571252172751
540.	7752.406790433645
540.25	7734.29326055388
540.5	7716.230514275961
540.75	7698.218403825624
541.	7680.256781910087
541.25	7662.345501716296
541.5	7644.484416909211
541.75	7626.673381630041
542.	7608.912250494561
542.25	7591.200878591331
542.5	7573.539121480063
542.75	7555.926835189839
543.	7538.3638762174805
543.25	7520.850101525815
543.5	7503.385368542009
543.75	7485.9695351558985
544.	7468.601722611646
544.25	7451.274752389597
544.5	7433.996224182479
544.75	7416.765997774868
545.	7399.583933405583
545.25	7382.449891766082
545.5	7365.363733998889
545.75	7348.325321696189
546.	7331.334516897145
546.25	7314.391182087499
546.5	7297.495180197514
546.75	7280.646374601452
547.	7263.844629112948
547.25	7247.089807986213
547.5	7230.38177591376
547.75	7213.720398024721
548.	7197.105539883255
548.25	7180.530816982302
548.5	7164.0009725177215
548.75	7147.517217792314
549.	7131.079419250044
549.25	7114.687444660786
549.5	7098.341162220085
549.75	7082.040440547636
550.	7065.785148685768
550.25	7049.575156097938
550.5	7033.410332667213
550.75	7017.290548694786
551.	7001.2156748984535
551.25	6985.185582442098
551.5	6969.200142865098
551.75	6953.258674443328
552.	6937.35532560757
552.25	6921.496219702054
552.5	6905.681229961381
552.75	6889.910230026414
553.	6874.18309394279
553.25	6858.499696159516
553.5	6842.8599115275
553.75	6827.263615298196
554.	6811.7106831220435
554.25	6796.2009910471315
554.5	6780.734415517804
554.75	6765.31083337321
555.	6749.930121845926
555.25	6734.588099945589
555.5	6719.2865768625525
555.75	6704.0275341461775
556.	6688.81085063197
556.25	6673.636405541872
556.5	6658.50407848285
556.75	6643.413749445551
557.	6628.365298802944
557.25	6613.358607308961
557.5	6598.393556097138
557.75	6583.470026679305
558.	6568.587900944192
558.25	6553.744908795876
558.5	6538.939649066296
558.75	6524.175418733536
559.	6509.452101220962
559.25	6494.769580322186
559.5	6480.127740199757
559.75	6465.526465383861
560.	6450.965640771035
560.25	6436.445151622853
560.5	6421.964883564651
560.75	6407.524722584257
561.	6393.123947246003
561.25	6378.758548397257
561.5	6364.432896764664
561.75	6350.146879808721
562.	6335.894374844836
562.25	6321.666286301533
562.5	6307.477422520843
562.75	6293.327672516853
563.	6279.216925654509
563.25	6265.145071648423
563.5	6251.112000561617
563.75	6237.114130805084
564.	6223.1536051909
564.25	6209.231516541053
564.5	6195.3244404901125
564.75	6181.428479098465
565.	6167.570512173708
565.25	6153.7504325469545
565.5	6139.968133387099
565.75	6126.223508199641
566.	6112.515791411962
566.25	6098.841893465709
566.5	6085.205335300802
566.75	6071.606011786971
567.	6058.043818124652
567.25	6044.518649843807
567.5	6031.030402802796
567.75	6017.578973187226
568.	6004.164257508797
568.25	5990.7850987833435
568.5	5977.439532001346
568.75	5964.130355267411
569.	5950.857466413583
569.25	5937.620763592302
569.5	5924.420145275319
569.75	5911.255510252567
570.	5898.126757631072
570.25	5885.033765433095
570.5	5871.972807149568
570.75	5858.947416291029
571.	5845.957493246982
571.25	5833.002938718506
571.5	5820.083653717161
571.75	5807.19953956392
572.	5794.350497890602
572.25	5781.535381069231
572.5	5768.752782092019
572.75	5756.004949193176
573.	5743.291785247962
573.25	5730.613193434629
573.5	5717.969077233371
573.75	5705.359340425294
574.	5692.783510575056
574.25	5680.239076328162
574.5	5667.728722423969
574.75	5655.252353858395
575.	5642.809875923036
575.25	5630.4011942042125
575.5	5618.0262145818615
575.75	5605.683697236763
576.	5593.372881983391
576.25	5581.095476879048
576.5	5568.8513889883
576.75	5556.640525664315
577.	5544.4627945478505
577.25	5532.317899422442
577.5	5520.203394066109
577.75	5508.121734969588
578.	5496.072922728221
578.25	5484.061506887319
578.5	5472.082620377547
578.75	5460.135814879233
579.	5448.219127678959
579.25	5436.334690322328
579.5	5424.48241351919
579.75	5412.662208255346
580.	5400.87398579159
580.25	5389.116324785225
580.5	5377.38936801533
580.75	5365.688199296213
581.	5354.008419734514
581.25	5342.360118190096
581.5	5330.742577854915
581.75	5319.154683629302
582.	5307.597998543775
582.25	5296.072436425523
582.5	5284.577911524163
582.75	5273.1137074212575
583.	5261.678843610065
583.25	5250.274752524108
583.5	5238.901349323708
583.75	5227.558549430189
584.	5216.245095342597
584.25	5204.961211509748
584.5	5193.70767108359
584.75	5182.484390534255
585.	5171.291080809812
585.25	5160.126149940359
585.5	5148.991222569542
585.75	5137.886216203584
586.	5126.811048613074
586.25	5115.764062304607
586.5	5104.74649980698
586.75	5093.758523959696
587.	5082.800053535914
587.25	5071.869568468697
587.5	5060.968134054782
587.75	5050.095956345897
588.	5039.2529551167945
588.25	5028.437415490467
588.5	5017.650881605395
588.75	5006.8682706797035
589.	4996.112439710756
589.25	4985.384272292613
589.5	4974.684712954577
589.75	4964.013683349973
590.	4953.369836219809
590.25	4942.7541427068945
590.5	4932.166739728294
590.75	4921.552901076127
591.	4910.848639137912
591.25	4900.17249322742
591.5	4889.523923849194
591.75	4878.902430382756
592.	4868.308820875581
592.25	4857.742634987541
592.5	4847.203276418504
592.75	4836.691572052446
593.	4826.206975574349
593.25	4815.749120664153
593.5	4805.318692476389
593.75	4794.914923821702
594.	4784.537944013856
594.25	4774.188165688669
594.5	4763.864491037378
594.75	4753.567760753181
595.	4743.297651038503
595.25	4733.05371832509
595.5	4722.836615217428
595.75	4712.645378945521
596.	4702.48067387854
596.25	4692.333929534692
596.5	4682.20852528018
596.75	4672.109363821235
597.	4662.035764429701
597.25	4651.988439233415
597.5	4641.96641313724
597.75	4631.970495906735
598.	4621.999880916874
598.25	4612.055119556035
598.5	4602.135589445847
598.75	4592.241731656018
599.	4582.372971082633
599.25	4572.5297645336395
599.5	4562.711467670861
599.75	4552.918613806693
600.	4543.150529363918
600.25	4533.407664728291
600.5	4523.689613855966
600.75	4513.996455159345
601.	4504.32818559827
601.25	4494.684455415035
601.5	4485.065545591187
601.75	4475.471143452973
602.	4465.9012362325575
602.25	4456.355893448015
602.5	4446.834828459133
602.75	4437.338079733935
603.	4427.865658110055
603.25	4418.417399106124
603.5	4408.993176404191
603.75	4399.593057124345
604.	4390.216958709709
604.25	4380.864766737867
604.5	4371.536352472698
604.75	4362.231751194034
605.	4352.950887654278
605.25	4343.693688692204
605.5	4334.4600830101135
605.75	4325.250000976842
606.	4316.063366149733
606.25	4306.900104589362
606.5	4297.760178625375
606.75	4288.64352239676
607.	4279.5500711476025
607.25	4270.479761124069
607.5	4261.432517867979
607.75	4252.408269021514
608.	4243.406968974825
608.25	4234.428557797058
608.5	4225.472976091687
608.75	4216.540164948881
609.	4207.630037598263
609.25	4198.733001939976
609.5	4189.8576260864365
609.75	4181.004725738205
610.	4172.1742229225765
610.25	4163.3661109151835
610.5	4154.580239909492
610.75	4145.815723277899
611.	4137.049047749423
611.25	4128.30479443686
611.5	4119.582904082962
611.75	4110.8833176059
612.	4102.205976098716
612.25	4093.550820828743
612.5	4084.9177932370376
612.75	4076.3068349378073
613.	4067.717887717869
613.25	4059.150893536341
613.5	4050.6057945232797
613.75	4042.0825329798695
614.	4033.5810513776955
614.25	4025.101292358134
614.5	4016.643198731815
614.75	4008.206713478062
615.	3999.791779744357
615.25	3991.398340845783
615.5	3983.02634026448
615.75	3974.67572164911
616.	3966.3464288143073
616.25	3958.038405740145
616.5	3949.751596571597
616.75	3941.485945618011
617.	3933.241397352551
617.25	3925.017896411704
617.5	3916.8153875947146
617.75	3908.6338158630774
618.	3900.473126340011
618.25	3892.3332643099284
618.5	3884.214175217916
618.75	3876.1158046692203
619.	3868.038098428717
619.25	3859.9810024204157
619.5	3851.944462726923
619.75	3843.928425588943
620.	3835.932837404767
620.25	3827.949392774486
620.5	3819.9858629931996
620.75	3812.042592907225
621.	3804.1195295846155
621.25	3796.2166202483477
621.5	3788.333812275889
621.75	3780.471053198695
622.	3772.6282907016916
622.25	3764.8054726227915
622.5	3757.0025469523944
622.75	3749.2194618329077
623.	3741.4561655582856
623.25	3733.7126065735133
623.5	3725.9887334739874
623.75	3718.284495005238
624.	3710.5998400623757
624.25	3702.934717689595
624.5	3695.289077079712
624.75	3687.6628675736733
625.	3680.0560386600773
625.25	3672.468539974723
625.5	3664.9003213001133
625.75	3657.351332564999
626.	3649.821523843909
626.25	3642.310845356679
626.5	3634.8192474679786
626.75	3627.346680686868
627.	3619.893095666314
627.25	3612.458443202989
627.5	3605.0426742364994
627.75	3597.6457398483735
628.	3590.2675912626564
628.25	3582.908179845023
628.5	3575.5674571023274
628.75	3568.2453746821384
629.	3560.941884372313
629.25	3553.656938100365
629.5	3546.389480509786
629.75	3539.134177254973
630.	3531.8972500373584
630.25	3524.6786513762604
630.5	3517.47833392854
630.75	3510.296250488158
631.	3503.1323539857485
631.25	3495.9865974881764
631.5	3488.8589341981033
631.75	3481.749317453557
632.	3474.6577007275014
632.25	3467.584037627408
632.5	3460.5282818948276
632.75	3453.490387404957
633.	3446.453921108586
633.25	3439.434581995023
633.5	3432.432915509099
633.75	3425.4488761367834
634.	3418.482418495439
634.25	3411.5334973334006
634.5	3404.602067529563
634.75	3397.6880840929616
635.	3390.7915021623658
635.25	3383.912277005862
635.5	3377.050364020452
635.75	3370.205718731634
636.	3363.3782967929997
636.25	3356.5680539858367
636.5	3349.774946218712
636.75	3342.9989295270743
637.	3336.239960072859
637.25	3329.4979941440756
637.5	3322.7729881544174
637.75	3316.0632395826815
638.	3309.365777566883
638.25	3302.6851245878247
638.5	3296.0212375888404
638.75	3289.3740736369095
639.	3282.7435858544404
639.25	3276.129737426572
639.5	3269.532483649363
639.75	3262.9517820932642
640.	3256.387590418376
640.25	3249.8398664273873
640.5	3243.308568043941
640.75	3236.7936533122274
641.	3230.2950803966214
641.25	3223.8128075813024
641.5	3217.3467932698695
641.75	3210.89699598497
642.	3204.463374367932
642.25	3198.045887178378
642.5	3191.644493293873
642.75	3185.2591517095275
643.	3178.8898215376425
643.25	3172.536462007345
643.5	3166.19903246422
643.75	3159.8774923699416
644.	3153.571703387498
644.25	3147.281713311795
644.5	3141.00748814573
644.75	3134.748987831911
645.	3128.503853186648
645.25	3122.2712784039522
645.5	3116.054291027889
645.75	3109.85285148197
646.	3103.6669203024103
646.25	3097.4964581378013
646.5	3091.3414257487384
646.75	3085.2017840074814
647.	3079.077493897599
647.25	3072.9685165136248
647.5	3066.8748130607164
647.75	3060.7963448542946
648.	3054.733073319713
648.25	3048.6849599919133
648.5	3042.6519665150768
648.75	3036.6340546422853
649.	3030.6311862351886
649.25	3024.6433232636587
649.5	3018.6704278054567
649.75	3012.712462045891
650.	3006.769388277611
650.25	3000.8411689000377
650.5	2994.927766418996
650.75	2989.02914344667
651.	2983.145262701121
651.25	2977.2760870059765
651.5	2971.4171889694076
651.75	2965.5725831099235
652.	2959.7425558170576
652.25	2953.9270703560273
652.5	2948.1260900959333
652.75	2942.339578509445
653.	2936.5674991724727
653.25	2930.809815763859
653.5	2925.066492065043
653.75	2919.3374919597895
654.	2913.622779433824
654.25	2907.9223185744368
654.5	2902.236073570318
654.75	2896.564008711186
655.	2890.9060883874677
655.25	2885.262277089993
655.5	2879.632539409678
655.75	2874.0168400372263
656.	2868.415143762802
656.25	2862.8274154757432
656.5	2857.253620164241
656.75	2851.6937229150385
657.	2846.1467632697645
657.25	2840.6104006713113
657.5	2835.0878183050977
657.75	2829.5789816687698
658.	2824.0838563569764
658.25	2818.602408061074
658.5	2813.1346025688263
658.75	2807.680405764104
659.	2802.239783626599
659.25	2796.8127022315166
659.5	2791.3991277492864
659.75	2785.999026445272
660.	2780.612364679478
660.25	2775.2391089062507
660.5	2769.879225674001
660.75	2764.532681624904
661.	2759.199443494623
661.25	2753.8794781120005
661.5	2748.572752398791
661.75	2743.279233369372
662.	2737.9988881304544
662.25	2732.7284688831915
662.5	2727.4706743226934
662.75	2722.2259433443087
663.	2716.994243438584
663.25	2711.775542186962
663.5	2706.569807266424
663.75	2701.3770064398095
664.	2696.197107554169
664.25	2691.087311004845
664.5	2686.1207177450888
664.75	2681.165607744163
665.	2676.2219545956395
665.25	2671.2897319622225
665.5	2666.3689135755494
665.75	2661.4594732359833
666.	2656.561384812414
666.25	2651.6637708908083
666.5	2646.7636926543146
666.75	2641.8666678021327
667.	2636.979250145916
667.25	2632.102961623228
667.5	2627.2377766594877
667.75	2622.3836697469683
668.	2617.540615444603
668.25	2612.7085883800273
668.5	2607.887563246335
668.75	2603.0775147975796
669.	2598.2784178573966
669.25	2593.4902473151133
669.5	2588.712978125559
669.75	2583.946585308878
670.	2579.19104395034
670.25	2574.446329200148
670.5	2569.712416273221
670.75	2564.98928044905
671.	2560.2741927243114
671.25	2555.569564344961
671.5	2550.8756296566717
671.75	2546.1923642089537
672.	2541.5197436152494
672.25	2536.857743551909
672.5	2532.2063397585143
672.75	2527.5655080378574
673.	2522.935224255592
673.25	2518.3154643400544
673.5	2513.7062042820776
673.75	2509.1074201348115
674.	2504.5190880135415
674.25	2499.9411840955095
674.5	2495.3736846197335
674.75	2490.814452438675
675.	2486.2650043272793
675.25	2481.7258810594913
675.5	2477.197059131927
675.75	2472.6785151020704
676.	2468.170225588096
676.25	2463.672167268693
676.5	2459.1843170926195
676.75	2454.706653015459
677.	2450.239150517015
677.25	2445.78178651636
677.5	2441.3345379922052
677.75	2436.897381982747
678.	2432.4702955854737
678.25	2428.0509036800313
678.5	2423.641446121832
678.75	2419.241981957919
679.	2414.852488532367
679.25	2410.472943247683
679.5	2406.1033235646373
679.75	2401.7436070021067
680.	2397.393771136897
680.25	2393.053793603566
680.5	2388.7236520942824
680.75	2384.4033243586396
681.	2380.0927882035035
681.25	2375.7913916920493
681.5	2371.498149079743
681.75	2367.2146246466937
682.	2362.940796437252
682.25	2358.6766425522037
682.5	2354.4221411485996
682.75	2350.177270439606
683.	2345.9420086943364
683.25	2341.7163342376894
683.5	2337.500225450198
683.75	2333.2936607678557
684.	2329.0966186819724
684.25	2324.907845006359
684.5	2320.727746532648
684.75	2316.557101374878
685.	2312.395886765445
685.25	2308.244081479126
685.5	2304.1016643450407
685.75	2299.9686142465125
686.	2295.8449101209285
686.25	2291.730530959563
686.5	2287.6254558073456
686.75	2283.52966377101
687.	2279.4416029064705
687.25	2275.362438439674
687.5	2271.292488694045
687.75	2267.231732989318
688.	2263.1801506980305
688.25	2259.1377212453776
688.5	2255.104424109056
688.75	2251.080238819122
689.	2247.065144957878
689.25	2243.0591221597647
689.5	2239.060729855982
689.75	2235.0710572295
690.	2231.090389353587
690.25	2227.1187060770108
690.5	2223.1559872998496
690.75	2219.202212973345
691.	2215.2573630997585
691.25	2211.321417732222
691.5	2207.394393103236
691.75	2203.475380529706
692.	2199.5644665249965
692.25	2195.662372299678
692.5	2191.769078167535
692.75	2187.884564492347
693.	2184.0007348667023
693.25	2180.1248637983326
693.5	2176.257689185562
693.75	2172.3991916274376
694.	2168.5480423065233
694.25	2164.7053534113634
694.5	2160.871278933374
694.75	2157.0457996742557
695.	2153.228896484378
695.25	2149.4205502626414
695.5	2145.6207419563384
695.75	2141.829452561016
696.	2138.045554735593
696.25	2134.269862319677
696.5	2130.5026276947133
696.75	2126.7438320539954
697.	2122.9934566383868
697.25	2119.2514827361847
697.5	2115.517891682986
697.75	2111.792355165403
698.	2108.074184972577
698.25	2104.3643378207294
698.5	2100.6627952389927
698.75	2096.969538803129
699.	2093.2845501353954
699.25	2089.6078109044147
699.5	2085.9391252558485
699.75	2082.2776249328467
700.	2078.624315957106
700.25	2074.979179729689
700.5	2071.3421981997803
700.75	2067.713353272072
701.	2064.0926269403244
701.25	2060.479458147256
701.5	2056.873784444994
701.75	2053.2761720137996
702.	2049.686603033977
702.25	2046.1050597733406
702.5	2042.5315244964465
702.75	2038.9657625922887
703.	2035.407129194801
703.25	2031.8564474602392
703.5	2028.3136998405134
703.75	2024.778868831592
704.	2021.2519369733732
704.25	2017.7326032619737
704.5	2014.2204188935948
704.75	2010.7160784015086
705.	2007.21956450445
705.25	2003.730859964471
705.5	2000.2499475868156
705.75	1996.7761604755203
706.	1993.3098384633943
706.25	1989.851254316921
706.5	1986.4003910169863
706.75	1982.9572315870644
707.	1979.521405652123
707.25	1976.0927140225624
707.5	1972.6716727849437
707.75	1969.2582651357434
708.	1965.8524743134308
708.25	1962.4256477372312
708.5	1958.9999539707048
708.75	1955.5817902662964
709.	1952.1711401709867
709.25	1948.7679872726762
709.5	1945.3718203150636
709.75	1941.9828156233507
710.	1938.6012566316592
710.25	1935.2271270938425
710.5	1931.8603361476466
710.75	1928.500262075078
711.	1925.147566583905
711.25	1921.8022335919338
711.5	1918.4642470568663
711.75	1915.1330211731306
712.	1911.808961004907
712.25	1908.4921971525773
712.5	1905.1827137353898
712.75	1901.8800211932019
713.	1898.584367951525
713.25	1895.2959455976786
713.5	1892.0147384234597
713.75	1888.7402213355385
714.	1885.4727467383818
714.25	1882.2060214412325
714.5	1878.9459895686637
714.75	1875.692486436992
715.	1872.4460817276188
715.25	1869.2067600221008
715.5	1865.9742206213973
715.75	1862.7484272392348
716.	1859.5296689827417
716.25	1856.3178913462702
716.5	1853.1125930971762
716.75	1849.9142825259537
717.	1846.7229444836137
717.25	1843.5381319309859
717.5	1840.3601525280149
717.75	1837.1890987423028
718.	1834.024611136745
718.25	1830.8668458067784
718.5	1827.715959595631
718.75	1824.5716106370235
719.	1821.4339418594056
719.25	1818.3031061079357
719.5	1815.1787210461296
719.75	1812.0610310295692
720.	1808.9501282142558
720.25	1805.8455424358779
720.5	1802.7477132755146
720.75	1799.6564804383454
721.	1796.5716823771631
721.25	1793.4935959086156
721.5	1790.421884197743
721.75	1787.3567554335502
722.	1784.298174897332
722.25	1781.2459601373162
722.5	1778.2003823541788
722.75	1775.161072126212
723.	1772.1283342132356
723.25	1769.1019592430694
723.5	1766.068166550117
723.75	1763.037234298194
724.	1760.0125981375816
724.25	1756.9943971022997
724.5	1753.982427126195
724.75	1750.9768669116222
725.	1747.9774886214282
725.25	1744.9844935122637
725.5	1741.9976607604403
725.75	1739.0171640765911
726.	1736.0428304257814
726.25	1733.0747681800437
726.5	1730.112886945056
726.75	1727.1571974968779
727.	1724.2077217826693
727.25	1721.2643455402542
727.5	1718.327200316902
727.75	1715.3961074399765
728.	1712.4711809853898
728.25	1709.5523797522953
728.5	1706.6396174663055
728.75	1703.7329869292344
729.	1700.8324087682186
729.25	1697.9378569803628
729.5	1695.0493805888684
729.75	1692.1669305844798
730.	1689.2905374909963
730.25	1686.4202071147567
730.5	1683.5558791018673
730.75	1680.69749968226
731.	1677.8450628219662
731.25	1674.9985826373904
731.5	1672.1575577589745
731.75	1669.3175053105006
732.	1666.4833286084477
732.25	1663.6550136589087
732.5	1660.832564946502
732.75	1658.015967214424
733.	1655.2052057189203
733.25	1652.4002661757363
733.5	1649.6011347123224
733.75	1646.807797825138
734.	1644.0202423415
734.25	1641.238455385453
734.5	1638.4624243472304
734.75	1635.6921368559142
735.	1632.927580754943
735.25	1630.1687440801657
735.5	1627.4156042496338
735.75	1624.6678660739349
736.	1621.9154158583428
736.25	1619.1686114527938
736.5	1616.4274293736487
736.75	1613.691853459576
737.	1610.9618898413737
737.25	1608.2274730231045
737.5	1605.4977027251805
737.75	1602.773623119142
738.	1600.0552220855743
738.25	1597.3424875342907
738.5	1594.6354074043004
738.75	1591.933969663802
739.	1589.2381623101
739.25	1586.5479733695256
739.5	1583.8633908973611
739.75	1581.1844029777599
740.	1578.510997723672
740.25	1575.8431632767677
740.5	1573.1808878073507
740.75	1570.5241595142877
741.	1567.872966624935
741.25	1565.2272973950587
741.5	1562.587140108757
741.75	1559.952483078386
742.	1557.323314652813
742.25	1554.6996232010058
742.5	1552.0813971108762
742.75	1549.4686248070536
743.	1546.861294742051
743.25	1544.2593953961866
743.5	1541.6629152775074
743.75	1539.0718429217216
744.	1536.4861668921155
744.25	1533.9058757794915
744.5	1531.3309582020813
744.75	1528.7614028054818
745.	1526.1971982625773
745.25	1523.6383332734704
745.5	1521.084796565405
745.75	1518.536576892698
746.	1515.9936630366608
746.25	1513.4530820708073
746.5	1510.916310852203
746.75	1508.3847997438725
747.	1505.8585376511794
747.25	1503.3375135061028
747.5	1500.8217162671642
747.75	1498.3111349193616
748.	1495.8057584744595
748.25	1493.305575973139
748.5	1490.810576476059
748.75	1488.32074907341
749.	1485.8360828815016
749.25	1483.3565670426979
749.5	1480.882190725346
749.75	1478.4129431237116
750.	1475.9488134578994
750.25	1473.489790973797
750.5	1471.0358649429975
750.75	1468.587024662735
751.	1466.1432594558144
751.25	1463.7045586705515
751.5	1461.2709116849408
751.75	1458.8423078957162
752.	1456.4187367253833
752.25	1454.000187623592
752.5	1451.586650065159
752.75	1449.1781135500016
753.	1446.7745676030697
753.25	1444.3760017742843
753.5	1441.9824056384623
753.75	1439.5937687952598
754.	1437.2100808691002
754.25	1434.8313315091116
754.5	1432.4575103890593
754.75	1430.0886072072824
755.	1427.7246117743912
755.25	1425.3655138069373
755.5	1423.0113030185128
755.75	1420.6619692050635
756.	1418.3175021868228
756.25	1415.9778918082084
756.5	1413.643127937768
756.75	1411.313200468101
757.	1408.9880993158033
757.25	1406.6678144214015
757.5	1404.3523357492907
757.75	1402.0416532876684
758.	1399.7357570484764
758.25	1397.4346370673345
758.5	1395.1379306182089
758.75	1392.8426538480044
759.	1390.5521135260922
759.25	1388.2662997958787
759.5	1385.9852028241207
759.75	1383.7088128008593
760.	1381.4371199393672
760.25	1379.1701144760777
760.5	1376.9077866705302
760.75	1374.6501268053098
761.	1372.397125185981
761.25	1370.1487721410324
761.5	1367.905058021818
761.75	1365.6659732024877
762.	1363.4315080799347
762.25	1361.2016530737367
762.5	1358.9763986260934
762.75	1356.7557352017675
763.	1354.5396532880256
763.25	1352.3281433945795
763.5	1350.121196053527
763.75	1347.918801819293
764.	1345.720951268573
764.25	1343.5276350002694
764.5	1341.338843635438
764.75	1339.1545678172301
765.	1336.9747982108315
765.25	1334.7995255034077
765.5	1332.6287404040436
765.75	1330.4624336436868
766.	1328.3005959750938
766.25	1326.1432181727682
766.5	1323.9902910329047
766.75	1321.8418053733367
767.	1319.6977520334735
767.25	1317.5581218742468
767.5	1315.4229057780576
767.75	1313.2920946487118
768.	1311.1656794113749
768.25	1309.043651012506
768.5	1306.9260004198097
768.75	1304.8127186221766
769.	1302.7037966296293
769.25	1300.5976528268084
769.5	1298.494313994123
769.75	1296.3952997058736
770.	1294.3006010674385
770.25	1292.2102092050382
770.5	1290.1241152656828
770.75	1288.0423104171118
771.	1285.9647807167137
771.25	1283.8912544552993
771.5	1281.8219839606068
771.75	1279.7569605163496
772.	1277.6961754265778
772.25	1275.6396200156253
772.5	1273.587285628058
772.75	1271.5391636286197
773.	1269.495245402181
773.25	1267.4555223536859
773.5	1265.4199859081014
773.75	1263.3886275103637
774.	1261.3614386253275
774.25	1259.3384107377135
774.5	1257.319535352171
774.75	1255.3048039929017
775.	1253.294208203903
775.25	1251.2877395488476
775.5	1249.2853896118006
775.75	1247.287149995965
776.	1245.2930123225435
776.25	1243.3029682333474
776.5	1241.3170093895967
776.75	1239.3351274718682
777.	1237.3573141800487
777.25	1235.3835612332794
777.5	1233.413860369913
777.75	1231.4482033474592
778.	1229.4865819425374
778.25	1227.528987950825
778.5	1225.5740162345967
778.75	1223.621792200444
779.	1221.673578712223
779.25	1219.7293836011586
779.5	1217.789167654472
779.75	1215.8529227923073
780.	1213.9206409535072
780.25	1211.992314095565
780.5	1210.067934194584
780.75	1208.147493245218
781.	1206.2309832606172
781.25	1204.3183962724004
781.5	1202.409724330598
781.75	1200.5049595036041
782.	1198.6040938781323
782.25	1196.7071198107346
782.5	1194.8140298431817
782.75	1192.9248154398015
783.	1191.0394687601329
783.25	1189.1579819818003
783.5	1187.2803473004617
783.75	1185.406556929765
784.	1183.5366031013011
784.25	1181.6704780645607
784.5	1179.8081740868847
784.75	1177.9496834534227
785.	1176.0949984670801
785.25	1174.2441114484814
785.5	1172.3970147359184
785.75	1170.5537006853058
786.	1168.7141616701397
786.25	1166.8760601815588
786.5	1165.0368376807792
786.75	1163.1993201106523
787.	1161.3655246440885
787.25	1159.5354437780527
787.5	1157.7090700153244
787.75	1155.8863958824204
788.	1154.067413923037
788.25	1152.2521166980064
788.5	1150.4404967852522
788.75	1148.6325467797476
789.	1146.828259293469
789.25	1145.0276269553542
789.5	1143.2306424112599
789.75	1141.4372983239157
790.	1139.647587372885
790.25	1137.8615022545168
790.5	1136.0790356819077
790.75	1134.3001803848565
791.	1132.524929109823
791.25	1130.7532746198829
791.5	1128.985209694689
791.75	1127.2207271304264
792.	1125.4598197397709
792.25	1123.7024803518475
792.5	1121.9487018121881
792.75	1120.1984769827247
793.	1118.45179874165
793.25	1116.7086599834583
793.5	1114.969053618892
793.75	1113.2320045529727
794.	1111.4974305804042
794.25	1109.766362487031
794.5	1108.0387932552721
794.75	1106.314715883573
795.	1104.5941233863634
795.25	1102.877008794016
795.5	1101.1633651528089
795.75	1099.4531855248836
796.	1097.746462988203
796.25	1096.0431906365127
796.5	1094.3433615793017
796.75	1092.6469689417631
797.	1090.95400586475
797.25	1089.2644655047407
797.5	1087.5783410337958
797.75	1085.8956256395209
798.	1084.2163125250243
798.25	1082.5403949088814
798.5	1080.8678660250932
798.75	1079.1987191228818
799.	1077.5329474671032
799.25	1075.8705443378465
799.5	1074.2115030304244
799.75	1072.5558168553855
800.	1070.903479138468
800.25	1069.2527129887176
800.5	1067.605277289315
800.75	1065.9611654324904
801.	1064.320370810601
801.25	1062.682886830999
801.5	1061.0487069159929
801.75	1059.4178245028083
802.	1057.7902330435525
802.25	1056.165926005177
802.5	1054.5448968694348
802.75	1052.927139132851
803.	1051.31264630668
803.25	1049.70141191687
803.5	1048.0934295040256
803.75	1046.4886926233723
804.	1044.8871948447163
804.25	1043.2889297524118
804.5	1041.693890945321
804.75	1040.102072036781
805.	1038.5134666545612
805.25	1036.9280684408357
805.5	1035.3458710521395
805.75	1033.7665895804382
806.	1032.1892021649173
806.25	1030.6149924843687
806.5	1029.0439542579236
806.75	1027.4760812188892
807.	1025.9113671147136
807.25	1024.3498057069517
807.5	1022.7913907712272
807.75	1021.2361160972008
808.	1019.6839754885312
808.25	1018.1349627628424
808.5	1016.5890717516875
808.75	1015.0462963005144
809.	1013.5066302686303
809.25	1011.970067529167
809.5	1010.4366019690472
809.75	1008.9062274889484
810.	1007.3789380032689
810.25	1005.8547274400952
810.5	1004.3335897411646
810.75	1002.8155188618326
811.	1001.2996391197722
811.25	999.7862764379381
811.5	998.2759588325729
811.75	996.7686803180543
812.	995.2644349222047
812.25	993.7632166862528
812.5	992.2650196648046
812.75	990.7698379258064
813.	989.2776655505131
813.25	987.7884966334548
813.5	986.3023252824019
813.75	984.8191456183364
814.	983.3389517754144
814.25	981.8617379009341
814.5	980.387498155305
814.75	978.9162267120129
815.	977.447917757589
815.25	975.9825654915758
815.5	974.5201580223929
815.75	973.0594380222645
816.	971.6016540782069
816.25	970.1468004458626
816.5	968.6948713937167
816.75	967.2458644856615
817.	965.7997728069402
817.25	964.3565885480638
817.5	962.9163060287417
817.75	961.4789195813687
818.	960.0444235509935
818.25	958.6128122952862
818.5	957.1840801845099
818.75	955.7582216014844
819.	954.3352309415601
819.25	952.9151026125834
819.5	951.497831034867
819.75	950.0833294190032
820.	948.6706118464917
820.25	947.2607313790047
820.5	945.8536824903456
820.75	944.4494596666264
821.	943.0480574063051
821.25	941.6494702199784
821.5	940.2537345623481
821.75	938.8608109250889
822.	937.4706855641133
822.25	936.0833530402722
822.5	934.6988079265057
822.75	933.3170448078127
823.	931.9380582812246
823.25	930.5618429557692
823.5	929.1883934524465
823.75	927.8170811951427
824.	926.4481075462303
824.25	925.0818809548846
824.5	923.7141786941884
824.75	922.348530766852
825.	920.9856014411239
825.25	919.6253866239879
825.5	918.2678810502615
825.75	916.9130794664445
826.	915.5609766308014
826.25	914.21156731311
826.5	912.8648462946335
826.75	911.5208083683148
827.	910.179448338634
827.25	908.8403713495431
827.5	907.5034032812645
827.75	906.1690951350159
828.	904.8374417643878
828.25	903.50843803436
828.5	902.1820788212798
828.75	900.8583590128304
829.	899.5372735080066
829.25	898.2188172170817
829.5	896.9029850615809
829.75	895.5897719742579
830.	894.2791728990627
830.25	892.9711827911163
830.5	891.6654918735387
830.75	890.3618359221413
831.	889.0607716243907
831.25	887.7622939827729
831.5	886.4663980108007
831.75	885.1730787330054
832.	883.882331184887
832.25	882.5941504128657
832.5	881.3085314743054
832.75	880.025469437463
833.	878.7449593814669
833.25	877.4669963962838
833.5	876.1913439942458
833.75	874.9176617925667
834.	873.6465099356983
834.25	872.3778835594198
834.5	871.111777810217
834.75	869.8481878452542
835.	868.5871088323503
835.25	867.328535949951
835.5	866.0724643871037
835.75	864.8188893434291
836.	863.5678060290995
836.25	862.3191225703621
836.5	861.072271769497
836.75	859.8278964938872
837.	858.5859919981381
837.25	857.3465535472722
837.5	856.1095764183099
837.75	854.8750558961801
838.	853.6429872762401
838.25	852.4133658718407
838.5	851.1861870013532
838.75	849.961445983118
839.	848.7386335939249
839.25	847.5180714232682
839.5	846.2999313956915
839.75	845.0842088813051
840.	843.8708992603573
840.25	842.6599979232099
840.5	841.4515002703127
840.75	840.2390560440814
841.	839.0280373839222
841.25	837.8193469464891
841.5	836.61244231242
841.75	835.4079026654265
842.	834.2057234892756
842.25	833.0059002776204
842.5	831.8084285339864
842.75	830.6133037717185
843.	829.4205215139838
843.25	828.2300772937408
843.5	827.0419365295667
843.75	825.8555661031388
844.	824.6715188623857
844.25	823.4897903811706
844.5	822.3103762430256
844.75	821.1332720411294
845.	819.958473378283
845.25	818.785975866887
845.5	817.6157751289169
845.75	816.4475334107522
846.	815.2813628532951
846.25	814.1174745875423
846.5	812.955864275383
846.75	811.7965276074867
847.	810.6394602656005
847.25	809.4846579193888
847.5	808.332116268436
847.75	807.1814773244876
848.	806.0329294725371
848.25	804.8866281589583
848.5	803.7425691223843
848.75	802.6007481107212
849.	801.4611608811273
849.25	800.3238031999883
849.5	799.1885514099915
849.75	798.0551582756518
850.	796.9239808156689
850.25	795.7950148347312
850.5	794.6682561466433
850.75	793.5437005743028
851.	792.4213439506935
851.25	791.3010719125962
851.5	790.1826481567579
851.75	789.06640974659
852.	787.9523525516386
852.25	786.8356543097935
852.5	785.7060316363101
852.75	784.578585841812
853.	783.4530412823455
853.25	782.3295107484568
853.5	781.2081438254324
853.75	780.0889364760417
854.	778.9718846717359
854.25	777.8545289740865
854.5	776.7379760422241
854.75	775.6233164036585
855.	774.5107868866208
855.25	773.4003835170249
855.5	772.2921023293278
855.75	771.1859393665076
856.	770.0817032333451
856.25	768.9793854676137
856.5	767.8791731285917
856.75	766.7810622942796
857.	765.6850490510977
857.25	764.5911294938668
857.5	763.4989767886731
857.75	762.4088736657893
858.	761.3208516396053
858.25	760.2349068396339
858.5	759.1510354043772
858.75	758.0690321679684
859.	756.9889558513146
859.25	755.9109404857408
859.5	754.8349822428505
859.75	753.7610773024469
860.	752.6890448250276
860.25	751.6189125021374
860.5	750.5508212407645
860.75	749.4847672542767
861.	748.4207467729126
861.25	747.3585260155058
861.5	746.298254650612
861.75	745.2400047077058
862.	744.1837724413814
862.25	743.129501265765
862.5	742.0770019727087
862.75	741.0265084192713
863.	739.9780168928164
863.25	738.931523688638
863.5	737.8867968832532
863.75	736.8440114869734
864.	735.8032126341961
864.25	734.7643966525612
864.5	733.7273847396556
864.75	732.6922588002968
865.	731.6591040832766
865.25	730.6279169482913
865.5	729.5985205728114
865.75	728.5710050253967
866.	727.5454455380972
866.25	726.5218385022329
866.5	725.499967483517
866.75	724.4800129873457
867.	723.461999544537
867.25	722.4458680855794
867.5	721.43149534854
867.75	720.4190523643666
868.	719.408535579185
868.25	718.3997759370777
868.5	717.3928797771481
868.75	716.387898634352
869.	715.3847441414733
869.25	714.3833707397965
869.5	713.3839012665023
869.75	712.3862944440565
870.	711.390419363254
870.25	710.396437213272
870.5	709.4043256130615
870.75	708.4139240976018
871.	707.4254046046815
871.25	706.4387400342888
871.5	705.4537870572543
871.75	704.4707052821061
872.	703.4894431573841
872.25	702.5099134624023
872.5	701.5322442346185
872.75	700.5563430366221
873.	699.582211174827
873.25	698.6099291299573
873.5	697.6393499487549
873.75	696.6705903116384
874.	695.7036213406856
874.25	694.7384027893406
874.5	693.7752490905145
874.75	692.8137931638586
875.	691.854134656278
875.25	690.8962288130218
875.5	689.940056981145
875.75	688.9856768686878
876.	688.0329829606762
876.25	687.0820948697868
876.5	686.1328811332233
876.75	685.1854550638801
877.	684.2397214547502
877.25	683.2957482888808
877.5	682.3534751059707
877.75	681.4129455502941
878.	680.4741033895762
878.25	679.5341929610076
878.5	678.5959648695439
878.75	677.6594662028468
879.	676.7246334394364
879.25	675.7915368415402
879.5	674.8600838020707
879.75	673.9303583341118
880.	673.0022913290077
880.25	672.0759198581962
880.5	671.1512318072043
880.75	670.2282007029108
881.	669.3068666749351
881.25	668.3871776153068
881.5	667.4691618575621
881.75	666.5528261544608
882.	665.6381179321285
882.25	664.7250802311266
882.5	663.8137076018207
882.75	662.9039612862298
883.	661.9958678013186
883.25	661.0894260188854
883.5	660.1846220169039
883.75	659.2814416095108
884.	658.379900816071
884.25	657.4799945516538
884.5	656.5817180316186
884.75	655.6850548166723
885.	654.7900109691594
885.25	653.8965867365775
885.5	653.0047779979451
885.75	652.1145808304672
886.	651.2259914893513
886.25	650.3390063896941
886.5	649.4536220902204
886.75	648.56983527867
887.	647.6876427586601
887.25	646.8070414378697
887.5	645.9280283174033
887.75	645.0506004822178
888.	644.1747550924953
888.25	643.3004893758708
888.5	642.4278006204293
888.75	641.5566861683857
889.	640.6871434103911
889.25	639.8191634105794
889.5	638.9511781644804
889.75	638.0815871033294
890.	637.213604045233
890.25	636.3472263227302
890.5	635.4824510373257
890.75	634.619275055134
891.	633.7576954894926
891.25	632.8977094597707
891.5	632.0393140913549
891.75	631.1825065156354
892.	630.3272838699916
892.25	629.473643297779
892.5	628.6215819483155
892.75	627.7710969768676
893.	626.9221856906258
893.25	626.0748451512102
893.5	625.2290724898984
893.75	624.3848648856181
894.	623.5422195231764
894.25	622.7011335932473
894.5	621.8616042923591
894.75	621.023628822878
895.	620.1872043929976
895.25	619.3523282167247
895.5	618.5189975138642
895.75	617.6872095100089
896.	616.8569614365232
896.25	616.0282505305317
896.5	615.2010740349051
896.75	614.3754291982484
897.	613.5513132748848
897.25	612.7287235248465
897.5	611.9076572138576
897.75	611.0868975576207
898.	610.2666214736096
898.25	609.4478556057666
898.5	608.6305972483194
898.75	607.8148437011172
899.	607.000592269617
899.25	606.1878402648706
899.5	605.3765850035132
899.75	604.5668238077484
900.	603.7585540053365
900.25	602.9517729295821
900.5	602.1464779193219
900.75	601.3426663189099
901.	600.5403354782065
901.25	599.7394827525662
901.5	598.9401055028234
901.75	598.1422010952818
902.	597.3457669022652
902.25	596.5508003045398
902.5	595.7572986805844
902.75	594.9652594184518
903.	594.174679911598
903.25	593.3855575588751
903.5	592.5978897645159
903.75	591.8116739381227
904.	591.026907494655
904.25	590.2435878544156
904.5	589.4617124430414
904.75	588.6812786914891
905.	587.9022840360227
905.25	587.1247259182037
905.5	586.348601784876
905.75	585.573909088157
906.	584.8006452854229
906.25	584.028807839298
906.5	583.2583942176433
906.75	582.4894018935431
907.	581.721828345294
907.25	580.955671056393
907.5	580.1909275155257
907.75	579.4275952165541
908.	578.665671658505
908.25	577.9051543455587
908.5	577.1460407870368
908.75	576.3883284973898
909.	575.6320149961876
909.25	574.8770978081114
909.5	574.1235744629275
909.75	573.3714424954883
910.	572.6206994457183
910.25	571.8713428586033
910.5	571.1233702841776
910.75	570.3767792775121
911.	569.6315673987045
911.25	568.8877322128661
911.5	568.1452712901113
911.75	567.4041822055464
912.	566.6644625392579
912.25	565.9261098763011
912.5	565.1891218066897
912.75	564.4534959253834
913.	563.719229832277
913.25	562.9863211321905
913.5	562.2547674348555
913.75	561.5245663549064
914.	560.7956389933383
914.25	560.0663019175751
914.5	559.3383062376673
914.75	558.6116495924167
915.	557.8863296254644
915.25	557.1623439852815
915.5	556.439690325157
915.75	555.7183663031883
916.	554.9983695822922
916.25	554.2796978301249
916.5	553.5623487191413
916.75	552.8463201562046
917.	552.1316108445558
917.25	551.418217209943
917.5	550.7061369438453
917.75	549.9953677424635
918.	549.2859073067089
918.25	548.5777653303943
918.5	547.8709456068196
918.75	547.1654275617698
919.	546.4612089156209
919.25	545.7582873934042
919.5	545.0566607247968
919.75	544.3563266441082
920.	543.6540120001756
920.25	542.9520431511044
920.5	542.2513519658502
920.75	541.5519362070427
921.	540.8537936418802
921.25	540.1569220421197
921.5	539.4613191840665
921.75	538.7669828485645
922.	538.0739108209843
922.25	537.3821008912156
922.5	536.6915508536571
922.75	536.002258507263
923.	535.3142216553518
923.25	534.6274381057815
923.5	533.9419056708779
923.75	533.2576221674235
924.	532.5745854166478
924.25	531.8927932442172
924.5	531.212243480226
924.75	530.5329339591843
925.	529.8548625200109
925.25	529.1780270060206
925.5	528.5024252649164
925.75	527.8280551487788
926.	527.1549145140559
926.25	526.4830012215539
926.5	525.8123131364272
926.75	525.1428481281685
927.	524.4737452615288
927.25	523.8006806534181
927.5	523.1288235031094
927.75	522.4581717111547
928.	521.7878882329204
928.25	521.1181128000684
928.5	520.4495330711687
928.75	519.7821469675923
929.	519.1159524149336
929.25	518.4509473430027
929.5	517.7871296858153
929.75	517.1244973815834
930.	516.4630483727054
930.25	515.8027806057582
930.5	515.1436920314859
930.75	514.4857810963559
931.	513.8290456047082
931.25	513.173483176996
931.5	512.5190917805636
931.75	511.8658693868782
932.	511.2138139715191
932.25	510.5629235141685
932.5	509.91319599860293
932.75	509.2646294126834
933.	508.617221748347
933.25	507.9709710015974
933.5	507.3258751724952
933.75	506.68193226515035
934.	506.03914028771186
934.25	505.3974972523591
934.5	504.75700117529294
934.75	504.1176500767267
935.	503.4794419808772
935.25	502.8423749159559
935.5	502.2064469141597
935.75	501.57165606240693
936.	500.93783631483495
936.25	500.3005903407903
936.5	499.6644551877343
936.75	499.0294289500199
937.	498.3955097258075
937.25	497.762695617092
937.5	497.130984730519
937.75	496.5003751755454
938.	495.8708650649612
938.25	495.2424525160111
938.5	494.61513564973046
938.75	493.9889125909383
939.	493.36378146822693
939.25	492.7397404139565
939.5	492.1167875642432
939.75	491.49492105895314
940.	490.8729352715597
940.25	490.2519430579578
940.5	489.6320287905909
940.75	489.0131906274007
941.	488.3954267300337
941.25	487.7787352638312
941.5	487.16311439782254
941.75	486.5485623047153
942.	485.93507716088925
942.25	485.3226571463857
942.5	484.71130044490235
942.75	484.1010052437818
943.	483.4917697340064
943.25	482.8835921101883
943.5	482.2764705705627
943.75	481.6704033169783
944.	481.065388554891
944.25	480.461424493355
944.5	479.8585093450165
944.75	479.25664132610507
945.	478.6558186564173
945.25	478.0560395593214
945.5	477.4573022617444
945.75	476.85960499416353
946.	476.26294599059986
946.25	475.6673234886088
946.5	475.0727357292736
946.75	474.47918095719723
947.	473.88262829195753
947.25	473.2746773297995
947.5	472.6677370822112
947.75	472.0618059156701
948.	471.45688219981315
948.25	470.852964307129
948.5	470.25005061327806
948.75	469.64813949697145
949.	469.04722933996743
949.25	468.44731852706246
949.5	467.8484054460858
949.75	467.2504884878933
950.	466.6535660468532
950.25	466.0569350721559
950.5	465.46089022816477
950.75	464.86583267954774
951.	464.27176083486785
951.25	463.67867310567283
951.5	463.08656790648917
951.75	462.495443654816
952.	461.9052987711181
952.25	461.3161316788211
952.5	460.72794080430305
952.75	460.1407245768906
953.	459.5544814288514
953.25	458.9692097953874
953.5	458.38490811463123
953.75	457.8015748276367
954.	457.2192083783754
954.25	456.637807213729
954.5	456.05736978348364
954.75	455.4778945403244
955.	454.8993799398278
955.25	454.3218244404588
955.5	453.7452265035597
955.75	453.1695845933476
956.	452.5948971769089
956.25	452.0211627241909
956.5	451.44837970799824
956.75	450.87654660398505
957.	450.30566189064984
957.25	449.73572404932946
957.5	449.16673156419284
957.75	448.5986829222359
958.	448.0315766132745
958.25	447.4654111299392
958.5	446.9001849676698
958.75	446.33589662470825
959.	445.77254460209394
959.25	445.2096715479179
959.5	444.6472294345026
959.75	444.0857170732619
960.	443.52513297865056
960.25	442.96547566788837
960.5	442.40674366095413
960.75	441.84893548058045
961.	441.29204965225205
961.25	440.7360847042013
961.5	440.18103916737203
961.75	439.62691157545385
962.	439.0737004648605
962.25	438.52140437472565
962.5	437.9700218468963
962.75	437.4195514259274
963.	436.86999165907616
963.25	436.3213410962963
963.5	435.7735982902332
963.75	435.22676179626603
964.	434.68083017460594
964.25	434.13580198367663
964.5	433.59167578683105
964.75	433.0484501500862
965.	432.50612364211617
965.25	431.9646948342471
965.5	431.42416230045194
965.75	430.88452461734494
966.	430.3457803641756
966.25	429.8079281228238
966.5	429.2709664777943
966.75	428.7348940162104
967.	428.19970932780996
967.25	427.6649459664951
967.5	427.13069432155055
967.75	426.59732441568656
968.	426.0648348510198
968.25	425.53322423225103
968.5	425.0024911666603
968.75	424.47263426410143
969.	423.94365213699604
969.25	423.4155434003288
969.5	422.88830667164245
969.75	422.3619405710321
970.	421.83644372113935
970.25	421.3118147471483
970.5	420.7880522767791
970.75	420.26515494028376
971.	419.74312137043995
971.25	419.2219502025463
971.5	418.7016400744169
971.75	418.18218962637667
972.	417.66359750125537
972.25	417.14586234438303
972.5	416.62898280358485
972.75	416.11295752917533
973.	415.5977851739537
973.25	415.08346439319865
973.5	414.569993620295
973.75	414.0573711033612
974.	413.5455960973417
974.25	413.03454197683556
974.5	412.5237191636413
974.75	412.01373826511775
975.	411.5045979556587
975.25	410.9962969120942
975.5	410.4888338136853
975.75	409.98220734211867
976.	409.476416181503
976.25	408.97145901836234
976.5	408.4673345416321
976.75	407.96404144265387
977.	407.45898404625666
977.25	406.954578756956
977.5	406.45099569220196
977.75	405.9482335588748
978.	405.4462910662375
978.25	404.9451669259447
978.5	404.44485985194194
978.75	403.94536856057584
979.	403.44669177054806
979.25	402.94882820290945
979.5	402.4517765810561
979.75	401.9555356307242
980.	401.4601040799857
980.25	400.965480659242
980.5	400.4716641012214
980.75	399.97815242242376
981.	399.4852883632347
981.25	398.9932259626637
981.5	398.5019639642179
981.75	398.0115284484102
982.	397.5219750826419
982.25	397.0332175963705
982.5	396.54525474458717
982.75	396.05808528456043
983.	395.57170797582626
983.25	395.0861215801892
983.5	394.60132486171466
983.75	394.1173165867252
984.	393.6340955237958
984.25	393.1516604437494
984.5	392.6700101196518
984.75	392.18914332862914
985.	391.70905885222146
985.25	391.22975546432934
985.5	390.7512319469454
985.75	390.2734870842826
986.	389.79651966277004
986.25	389.3203284710476
986.5	388.8443895651589
986.75	388.36915891365396
987.	387.89469960786136
987.25	387.42101044657323
987.5	386.94809023076954
987.75	386.47593776361225
988.	386.0045518504417
988.25	385.53393129877156
988.5	385.06407491828577
988.75	384.59498152083194
989.	384.1266499204185
989.25	383.65907893321037
989.5	383.19226737752354
989.75	382.7262140738215
990.	382.26091784471026
990.25	381.7963775149349
990.5	381.3325919113742
990.75	380.8695598630369
991.	380.40728020105695
991.25	379.9457517586899
991.5	379.48487258296075
991.75	379.02431448635286
992.	378.56450299573953
992.25	378.1054369452663
992.5	377.64711517993885
992.75	377.1895365468561
993.	376.73269989520725
993.25	376.27660407626644
993.5	375.8212479433889
993.75	375.3666303520075
994.	374.91275015962674
994.25	374.45960622582055
994.5	374.00719741222645
994.75	373.5555225825423
995.	373.104580602522
995.25	372.65437033997114
995.5	372.2048906647426
995.75	371.75614044873276
996.	371.30811856587763
996.25	370.86064749435036
996.5	370.4136005049776
996.75	369.9672774586957
997.	369.52167723864466
997.25	369.0767987299816
997.5	368.63264081987705
997.75	368.18920239751105
998.	367.7464823540679
998.25	367.304479582734
998.5	366.863192978692
998.75	366.4226214404281
999.	365.98276386927876
999.25	365.54361916288565
999.5	365.10518622437917
999.75	364.66746395886685
1000.	364.2304512734294