5.	8.151608130828383e9
5.25	7.454445841954213e9
5.5	6.815707655497642e9
5.75	6.2578725111599245e9
6.	5.751567287910829e9
6.25	5.288341013138358e9
6.5	4.873702267234843e9
6.75	4.503454964178353e9
7.	4.165565995000781e9
7.25	3.8554227205470343e9
7.5	3.5741974692064595e9
7.75	3.3231074591094003e9
8.	3.0931951916891637e9
8.25	2.8817479581535068e9
8.5	2.6864891930852776e9
8.75	2.5074638695032277e9
9.	2.3468716842583866e9
9.25	2.1989393628122077e9
9.5	2.062220214333847e9
9.75	1.9354776353478396e9
10.	1.817646567333185e9
10.25	1.7078050301669207e9
10.5	1.6089679890535622e9
10.75	1.5173899461626573e9
11.	1.4322432356797338e9
11.25	1.3528950736495636e9
11.5	1.278790694151969e9
11.75	1.2094428884142785e9
12.	1.1444210572111847e9
12.25	1.0835500227276773e9
12.5	1.0281316079848177e9
12.75	9.762799361993519e8
13.	9.276854859890009e8
13.25	8.820709049456117e8
13.5	8.391869920660403e8
13.75	7.988106819910221e8
14.	7.607421887528676e8
14.25	7.248015205378575e8
14.5	6.908261494265655e8
14.75	6.589118856993821e8
15.	6.294457275463774e8
15.25	6.016413476002748e8
15.5	5.753753256709843e8
15.75	5.505352007672073e8
16.	5.270182765508302e8
16.25	5.0473062893713945e8
16.5	4.8358679457526577e8
16.75	4.635088850390405e8
17.	4.4442556125754213e8
17.25	4.2627137846008855e8
17.5	4.0898621008366054e8
17.75	3.925147347156397e8
18.	3.7716300957266176e8
18.25	3.626429555247276e8
18.5	3.4882692789193404e8
18.75	3.356707756148831e8
19.	3.231336317068583e8
19.25	3.1117761204284e8
19.5	2.997675553525469e8
19.75	2.8887098226890117e8
20.	2.784579058917377e8
20.25	2.6850049029985934e8
20.5	2.589728638723853e8
20.75	2.4985095462882468e8
21.	2.41112342183117e8
21.25	2.327361232724851e8
21.5	2.247027880731013e8
21.75	2.169941083138287e8
22.	2.0976890456540146e8
22.25	2.0285792630701825e8
22.5	1.9623362192313603e8
22.75	1.898808396344741e8
23.	1.8378536786960644e8
23.25	1.7793386259671906e8
23.5	1.723137904885039e8
23.75	1.6691345132882214e8
24.	1.617219026203285e8
24.25	1.5672886588803545e8
24.5	1.5192467870320013e8
24.75	1.4730025087488526e8
25.	1.4284702418828088e8
25.25	1.385569357597881e8
25.5	1.3442238400013763e8
25.75	1.3043619679577549e8
26.	1.2659160233042337e8
26.25	1.2288220214316188e8
26.5	1.1930194602148099e8
26.75	1.1584510861974156e8
27.	1.1254328911855786e8
27.25	1.0939248575527315e8
27.5	1.0635264273780258e8
27.75	1.034188361518811e8
28.	1.0058639472236405e8
28.25	9.78508861607776e7
28.5	9.520813017925183e7
28.75	9.265418078828007e7
29.	9.018529552357227e7
29.25	8.779792276554725e7
29.5	8.548869024285719e7
29.75	8.325439429635835e7
30.	8.1091989875545e7
30.25	7.89985813050446e7
30.5	7.697141369666566e7
30.75	7.500786470592159e7
31.	7.310543686368884e7
31.25	7.126175045340465e7
31.5	6.947453683356771e7
31.75	6.774163213212748e7
32.	6.606097131019085e7
32.25	6.44305825599727e7
32.5	6.284858209848582e7
32.75	6.131316935426995e7
33.	5.982262244183864e7
33.25	5.837529387795946e7
33.5	5.696960652895014e7
33.75	5.562929353305314e7
34.	5.432945519570542e7
34.25	5.3067628639771886e7
34.5	5.184243596837113e7
34.75	5.065255950902302e7
35.	4.949673862324054e7
35.25	4.8373766800021686e7
35.5	4.7282488911139354e7
35.75	4.622179862369121e7
36.	4.5190635958932064e7
36.25	4.418798500069607e7
36.5	4.321287178084245e7
36.75	4.2264362218158066e7
37.	4.134156015178663e7
37.25	4.044360549545363e7
37.5	3.956967250092104e7
37.75	3.871896812247224e7
38.	3.78907304482637e7
38.25	3.708422721371065e7
38.5	3.629875438410268e7
38.75	3.553363480375317e7
39.	3.478821692804614e7
39.25	3.4061873643906936e7
39.5	3.3354001149071272e7
39.75	3.2664017881632715e7
40.	3.199136349738878e7
40.25	3.1335497894526634e7
40.5	3.069590028229704e7
40.75	3.0072068350668184e7
41.	2.946351847826616e7
41.25	2.8869788312601127e7
41.5	2.8290433356591474e7
41.75	2.77250252223936e7
42.	2.7173150939335857e7
42.25	2.6635295201599292e7
42.5	2.6117770233541507e7
42.75	2.5612783242821895e7
43.	2.5119962321206514e7
43.25	2.4638948729441162e7
43.5	2.4169396346291315e7
43.75	2.3710971156295553e7
44.	2.3263350762496557e7
44.25	2.282622389611365e7
44.5	2.2399289958828725e7
44.75	2.1982258585362457e7
45.	2.157484922505652e7
45.25	2.117679075137979e7
45.5	2.0787821080036927e7
45.75	2.040768680489801e7
46.	2.0036142848847482e7
46.25	1.9672952127300214e7
46.5	1.931788522742065e7
46.75	1.8970720096811995e7
47.	1.8631241759711288e7
47.25	1.8299242041993387e7
47.5	1.7974519308814976e7
47.75	1.765687821108384e7
48.	1.7346129441854015e7
48.25	1.7042089501737017e7
48.5	1.6744580474075284e7
48.75	1.6453429807097256e7
49.	1.6168470125505427e7
49.25	1.5889539144914486e7
49.5	1.5616480591200463e7
49.75	1.5349143764732292e7
50.	1.5087382623106329e7
50.25	1.4831055598166378e7
50.5	1.458002543398727e7
50.75	1.433415903151247e7
51.	1.4093327299893336e7
51.25	1.385740501292036e7
51.5	1.3626270671791917e7
51.75	1.3399806373537758e7
52.	1.3177897684132911e7
52.25	1.2960433516922293e7
52.5	1.2747306017703835e7
52.75	1.2538410459514601e7
53.	1.2333645133564904e7
53.25	1.2132911242451025e7
53.5	1.193611280059942e7
53.75	1.1743156538132055e7
54.	1.1555969073987814e7
54.25	1.1372816374745041e7
54.5	1.1193263426475242e7
54.75	1.101722453988711e7
55.	1.0844616422972491e7
55.25	1.0675358099781508e7
55.5	1.0509370831599506e7
55.75	1.0346578040962502e7
56.	1.0186905238413798e7
56.25	1.0030279950761221e7
56.5	9.87663165696168e6
56.75	9.725891723734846e6
57.	9.577993344778331e6
57.25	9.432871480778916e6
57.5	9.290462801948093e6
57.75	9.150705632070135e6
58.	9.013539894394167e6
58.25	8.878907059424223e6
58.5	8.746750094363285e6
58.75	8.617013413511395e6
59.	8.489642841501663e6
59.25	8.364585582553157e6
59.5	8.241790491943854e6
59.75	8.121208073849963e6
60.	8.0027901390545275e6
60.25	7.886489751227181e6
60.5	7.772261188534476e6
60.75	7.660059906643821e6
61.	7.549842502942717e6
61.25	7.441566682183595e6
61.5	7.335191223025573e6
61.75	7.230675945688704e6
62.	7.127981681007433e6
62.25	7.027070240405631e6
62.5	6.927904386730618e6
62.75	6.830447806042686e6
63.	6.734665080744514e6
63.25	6.640521664081689e6
63.5	6.547983857162032e6
63.75	6.45701878305898e6
64.	6.367594362308069e6
64.25	6.279679289859779e6
64.5	6.193243013004654e6
64.75	6.108255709447912e6
65.	6.024688265933706e6
65.25	5.942512258781778e6
65.5	5.861699934664009e6
65.75	5.782224191204432e6
66.	5.704058558540822e6
66.25	5.627177181444233e6
66.5	5.551554801899889e6
66.75	5.477166742098163e6
67.	5.4039888877867e6
67.25	5.331997672718414e6
67.5	5.261170062210045e6
67.75	5.1914835388804395e6
68.	5.122916088839769e6
68.25	5.055446187820098e6
68.5	4.98905278818945e6
68.75	4.923715305848069e6
69.	4.859413607609472e6
69.25	4.796127998990385e6
69.5	4.7342689094744865e6
69.75	4.673507077234166e6
70.	4.613705931911475e6
70.25	4.55484707611537e6
70.5	4.496912508222656e6
70.75	4.439884611332076e6
71.	4.383746146850885e6
71.25	4.328480243908974e6
71.5	4.274070440030769e6
71.75	4.220500770789627e6
72.	4.1677556480245367e6
72.25	4.1158198271512073e6
72.5	4.064678398348934e6
72.75	4.014316777916514e6
73.	3.964720699910263e6
73.25	3.91587620799746e6
73.5	3.867769647569617e6
73.75	3.820387658112787e6
74.	3.773717165696483e6
74.25	3.727745375680213e6
74.5	3.682459765758912e6
74.75	3.6378480791462483e6
75.	3.5938983179301475e6
75.25	3.550598736585696e6
75.5	3.507937835670465e6
75.75	3.4659043558127596e6
76.	3.424487271858557e6
76.25	3.383675787742396e6
76.5	3.343459331177117e6
76.75	3.3038275476302607e6
77.	3.2647702949465928e6
77.25	3.226277638167369e6
77.5	3.188339844586985e6
77.75	3.1509473788304646e6
78.	3.1140908979592836e6
78.25	3.0777612467285995e6
78.5	3.041949453368799e6
78.75	3.0066467253099424e6
79.	2.9718444447724884e6
79.25	2.9375341645539044e6
79.5	2.9037076040045167e6
79.75	2.870356645050093e6
80.	2.8374733283101176e6
80.25	2.8050498493012893e6
80.5	2.773078554649473e6
80.75	2.741551938528139e6
81.	2.710462639248868e6
81.25	2.679803435363817e6
81.5	2.64956724270193e6
81.75	2.6197471113540535e6
82.	2.590336222403857e6
82.25	2.5613278851010376e6
82.5	2.5327155339292916e6
82.75	2.5044927256617895e6
83.	2.4766531365701454e6
83.25	2.449190559702726e6
83.5	2.422098902186095e6
83.75	2.395372182597203e6
84.	2.3690045283996905e6
84.25	2.3429901734438376e6
84.5	2.3173234555287356e6
84.75	2.291998814014084e6
85.	2.267010787350104e6
85.25	2.2423540110859917e6
85.5	2.218023217242247e6
85.75	2.1940132312262496e6
86.	2.170318976772182e6
86.25	2.1469355132946414e6
86.5	2.123858007303363e6
86.75	2.101081714367102e6
87.	2.078601977180758e6
87.25	2.0564142236973757e6
87.5	2.0345139652849596e6
87.75	2.0128967949375568e6
88.	1.9915583855274608e6
88.25	1.9704944880889547e6
88.5	1.949700930164347e6
88.75	1.929173614185153e6
89.	1.9089085158712682e6
89.25	1.8889016826396282e6
89.5	1.8691492321345385e6
89.75	1.8496473507586888e6
90.	1.8303922922393722e6
90.25	1.8113803762174933e6
90.5	1.7926537532344135e6
90.75	1.7742061659236567e6
91.	1.7559904192697958e6
91.25	1.7380030472069283e6
91.5	1.720240644517172e6
91.75	1.702699865775865e6
92.	1.6853774242522432e6
92.25	1.668270090495799e6
92.5	1.6513746911325601e6
92.75	1.63468810770988e6
93.	1.618207275568166e6
93.25	1.6019291827645958e6
93.5	1.5858508689946574e6
93.75	1.5699694245192742e6
94.	1.5542819890927863e6
94.25	1.5387857509673056e6
94.5	1.5234779460132276e6
94.75	1.5083558567752263e6
95.	1.4934168114972175e6
95.25	1.4786581831753745e6
95.5	1.464077388681134e6
95.75	1.4496718878868988e6
96.	1.4354391828001372e6
96.25	1.4213768167162193e6
96.5	1.4074823733884855e6
96.75	1.3937534761979005e6
97.	1.3801877873365125e6
97.25	1.36678300706506e6
97.5	1.3535368729710649e6
97.75	1.3404471590489184e6
98.	1.327511675050315e6
98.25	1.3147282659129952e6
98.5	1.302094810993801e6
98.75	1.2896092234138658e6
99.	1.2772694494529655e6
99.25	1.2650734679069496e6
99.5	1.2530192894401057e6
99.75	1.2411049559578218e6
100.	1.2293285400225092e6
100.25	1.217688144257077e6
100.5	1.206181900759061e6
100.75	1.194807970527977e6
101.	1.183564542904086e6
101.25	1.1724498350188422e6
101.5	1.1614620912567081e6
101.75	1.150599582728277e6
102.	1.1398606067530173e6
102.25	1.1292434863173245e6
102.5	1.1187465695570991e6
102.75	1.1083682296393018e6
103.	1.0981068645495544e6
103.25	1.0879608961391323e6
103.5	1.077928770809579e6
103.75	1.0680089708527783e6
104.	1.0582000094142822e6
104.25	1.0485004229431597e6
104.5	1.0389087706763773e6
104.75	1.029423634230017e6
105.	1.0200436171946175e6
105.25	1.0107673447348082e6
105.5	1.0015934631993244e6
105.75	992520.6397389941
106.	983547.5619310295
106.25	974672.9374084983
106.5	965895.4935047674
106.75	957213.9769021216
107.	948627.1532853835
107.25	940133.8069896677
107.5	931732.7406634878
107.75	923422.7749631287
108.	915202.7482323615
108.25	907071.5161928172
108.5	899027.9516371543
108.75	891070.944127154
109.	883199.3996976746
109.25	875412.2405662085
109.5	867708.4048491223
109.75	860086.8462977409
110.	852546.5340275732
110.25	845086.4522540617
110.5	837705.6001281417
110.75	830402.991472761
111.	823177.654472671
111.25	816028.6314233581
111.5	808954.9784873986
111.75	801955.7654557506
112.	795030.0755138326
112.25	788177.0050200467
112.5	781395.6632790784
112.75	774685.1723167392
113.	768044.6666572929
113.25	761473.2930959824
113.5	754970.2105072036
113.75	748534.5896683591
114.	742165.6130610185
114.25	735862.4746640598
114.5	729624.3797511142
114.75	723450.544699156
115.	717340.1968120061
115.25	711292.5741367781
115.5	705306.9252829301
115.75	699382.50924462
116.	693518.595226122
116.25	687714.4624701587
116.5	681969.4000816484
116.75	676282.7068583121
117.	670653.6911374759
117.25	665081.6706464265
117.5	659565.9723263601
117.75	654105.9321195844
118.	648700.8948869496
118.25	643350.214280893
118.5	638053.2525811101
118.75	632809.3805436079
119.	627617.9772902806
119.25	622478.4301724001
119.5	617391.4068126315
119.75	612355.3922853017
120.	607369.1537012877
120.25	602432.1085579101
120.5	597543.6820436993
120.75	592703.3069118677
121.	587910.4233561826
121.25	583164.4788891753
121.5	578464.9282223218
121.75	573811.233148324
122.	569202.8624254579
122.25	564639.2916638694
122.5	560120.0032139577
122.75	555644.4860566978
123.	551212.2356903299
123.25	546822.7540067935
123.5	542475.549211136
123.75	538170.1358720704
124.	533906.0348289942
124.25	529682.7729519228
124.5	525499.8830113877
124.75	521356.90535317943
125.	517253.39025577065
125.25	513188.89450250636
125.5	509162.9807242433
125.75	505175.21730866464
126.	501225.1783136056
126.25	497312.4433814541
126.5	493436.5976532997
126.75	489597.2316848986
127.	485793.94136428833
127.25	482026.3278307738
127.5	478293.99739517
127.75	474596.5614604452
128.	470933.6364447009
128.25	467304.843706649
128.5	463709.8094711264
128.75	460148.16475572495
129.	456619.54529706686
129.25	453123.59147270466
129.5	449659.9482384447
129.75	446228.26506289333
130.	442828.1958592423
130.25	439459.39892015996
130.5	436121.5368526414
130.75	432814.276513659
131.	429537.28894686396
131.25	426290.24932031945
131.5	423072.8368652137
131.75	419884.7348154922
132.	416725.63035143865
132.25	413595.2145451733
132.5	410493.1823013637
132.75	407419.23230268416
133.	404373.06698641606
133.25	401354.3924902978
133.5	398362.9185772885
133.75	395398.3585818851
134.	392460.4293576737
134.25	389548.8512264085
134.5	386663.34792765847
134.75	383803.6465691196
135.	380969.47757940576
135.25	378160.57466161926
135.5	375376.67474458227
135.75	372617.517935905
136.	369882.84747523227
136.25	367172.4096842246
136.5	364485.9539248592
136.75	361823.23256199923
137.	359184.00092836027
137.25	356568.0172791378
137.5	353975.0427487172
137.75	351404.8413081657
138.	348857.17972145695
138.25	346331.8275102265
138.5	343828.5569158057
138.75	341347.1428605457
139.	338887.36290973745
139.25	336448.9972341114
139.5	334031.82857291156
139.75	331635.64219741896
140.	329260.22587511555
140.25	326905.36983165983
140.5	324570.8667150316
140.75	322256.51156374055
141.	319962.10177555436
141.25	317687.43707533815
141.5	315432.3194728982
141.75	313196.553212681
142.	310979.94476664695
142.25	308782.3028085898
142.5	306603.43818251113
142.75	304443.1638629177
143.	302301.29492972256
143.25	300177.64854581165
143.5	298072.0439276402
143.75	295984.30231746525
144.	293914.2469554875
144.25	291861.70304939634
144.5	289826.4977480237
144.75	287808.460117345
145.	285807.4211141679
145.25	283823.21356010553
145.5	281855.67211591057
145.75	279904.63325629325
146.	277969.9352450733
146.25	276051.4181106771
146.5	274148.92362200044
146.75	272262.29526462674
147.	270391.37821739365
147.25	268536.01932927046
147.5	266696.0670966466
147.75	264871.3716409582
148.	263061.7846859841
148.25	261267.15953169338
148.5	259487.35103106117
148.75	257722.21558095238
149.	255971.61115327044
149.25	254235.39726617312
149.5	252513.43492252458
149.75	250805.58657657006
150.	249111.71613425584
150.25	247431.68966319805
150.5	245765.3756855818
150.75	244112.64425187078
151.	242473.36685000279
151.25	240847.4163866004
151.5	239234.66716873096
151.75	237634.9948865666
152.	236048.27659579457
152.25	234474.39070003742
152.5	232913.21693360788
152.75	231364.63634453193
153.	229828.5312778324
153.25	228304.7853590241
153.5	226793.28347783085
153.75	225293.9117719179
154.	223806.5576108767
154.25	222331.10958107485
154.5	220867.45747031426
154.75	219415.49225265466
155.	217975.10607342847
155.25	216546.19223433163
155.5	215128.6451763653
155.75	213722.36046602041
156.	212327.2347837677
156.25	210943.16590998668
156.5	209570.05271100914
156.75	208207.7951259387
157.	206856.29415328358
157.25	205515.45183771197
157.5	204185.17125698656
157.75	202865.3565090803
158.	201555.91269946622
158.25	200256.74592857235
158.5	198967.76327940254
158.75	197688.8728053484
159.	196419.9835196748
159.25	195161.0053839525
159.5	193911.8492958036
159.75	192670.1566500579
160.	191434.80881206572
160.25	190208.94774275363
160.5	188992.488358779
160.75	187785.34646380233
161.	186587.43873754967
161.25	185398.68272492732
161.5	184218.99682546445
161.75	183048.30028290168
162.	181886.5131748351
162.25	180733.5564024978
162.5	179589.3516810458
162.75	178453.82153023893
163.	177326.8892642082
163.25	176208.47898168926
163.5	175098.51555639412
163.75	173996.9246273988
164.	172903.6325883179
164.25	171818.56657848792
164.5	170741.6544756281
164.75	169672.8248886103
165.	168612.00715021364
165.25	167559.13130691406
165.5	166514.12811012837
165.75	165476.92900764055
166.	164447.4661339279
166.25	163425.67230229045
166.5	162411.48099800933
166.75	161404.82637033146
167.	160405.64322451098
167.25	159413.8670139538
167.5	158429.43383246247
167.75	157452.28040658083
168.	156482.34408803654
168.25	155519.56284624425
168.5	154563.8752609471
168.75	153615.2205146553
169.	152673.53838417598
169.25	151738.76923458948
169.5	150810.85401240207
169.75	149889.73423937272
170.	148975.3520058374
170.25	148067.6499635144
170.5	147166.57131165275
170.75	146272.05979219908
171.	145384.05968974484
171.25	144502.51582533412
171.5	143627.37355013765
171.75	142758.57873733435
172.	141896.0777741974
172.25	141039.81755962697
172.5	140189.74549856785
172.75	139345.80949586304
173.	138507.95795065459
173.25	137676.13975072722
173.5	136850.30426657505
173.75	136030.4013446879
174.	135216.38130299604
174.25	134408.19492590404
174.5	133605.79345886887
174.75	132809.12860304362
175.	132018.15250997612
175.25	131232.8177763841
175.5	130453.07743901714
175.75	129678.88496956392
176.	128910.194269621
176.25	128146.95966572383
176.5	127389.13590443898
176.75	126636.67814751757
177.	125889.54196710704
177.25	125147.6833410094
177.5	124411.05864801792
177.75	123679.62466332037
178.	122953.33855393961
178.25	122232.15787397558
178.5	121516.04055887712
178.75	120804.94492022596
179.	120098.8296441414
179.25	119397.65379377996
179.5	118701.37682199621
179.75	118009.95855033086
180.	117323.3591595964
180.25	116641.53918233994
180.5	115964.45949810722
180.75	115292.08136951226
181.	114624.36671324962
181.25	113961.27795590997
181.5	113302.77787763673
181.75	112648.82960706868
182.	111999.39661752613
182.25	111354.4427231083
182.5	110713.93207520702
182.75	110077.82915894488
183.	109446.09878957461
183.25	108818.70610891195
183.5	108195.61658181611
183.75	107576.79599270698
184.	106962.21044213437
184.25	106351.82634338517
184.5	105745.61041912605
184.75	105143.52969808491
185.	104545.55151175798
185.25	103951.64349105231
185.5	103361.77356315848
185.75	102775.90994846773
186.	102194.02115744178
186.25	101616.07598752253
186.5	101042.04352007265
186.75	100471.89311735092
187.	99905.59441943862
187.25	99343.11734028195
187.5	98784.4320652268
187.75	98229.50904896852
188.	97678.31901270551
188.25	97130.83294121109
188.5	96587.0220801059
188.75	96046.85793318957
189.	95510.31225971585
189.25	94977.35707169698
189.5	94447.96463123868
189.75	93922.10744790566
190.	93399.75827611874
190.25	92880.89011258006
190.5	92365.47619372643
190.75	91853.48999321164
191.	91344.90521940684
191.25	90839.69581302187
191.5	90337.83594523394
191.75	89839.30001511356
192.	89344.06264715124
192.25	88852.09868890735
192.5	88363.38320881213
192.75	87877.89149704487
193.	87395.59906405129
193.25	86916.48163538055
193.5	86440.5151493087
193.75	85967.67575464067
194.	85497.93980852053
194.25	85031.28387425975
194.5	84567.68471925559
194.75	84107.11931289754
195.	83649.56482448884
195.25	83194.99862119085
195.5	82743.39826599917
195.75	82294.74151590846
196.	81849.00631998402
196.25	81406.17081728904
196.5	80966.21333493607
196.75	80529.11238616015
197.	80094.84666837622
197.25	79663.39506125198
197.5	79234.73662424406
197.75	78808.85059510406
198.	78385.71638851172
198.25	77965.31359443549
198.5	77547.62197722275
198.75	77132.62147354563
199.	76720.29219038953
199.25	76310.6144033303
199.5	75903.56855483026
199.75	75499.13525234729
200.	75097.29526625447
200.25	74698.02952879106
200.5	74301.31913257661
200.75	73907.14532899798
201.	73515.4895266136
201.25	73126.3332895752
201.5	72739.65833606615
201.75	72355.44653675688
202.	71973.67991327679
202.25	71594.34063670295
202.5	71217.41102605766
202.75	70842.87354681845
203.	70470.71080947405
203.25	70100.90556790323
203.5	69733.44071757646
203.75	69368.29929459316
204.	69005.46447422417
204.25	68644.91956970551
204.5	68286.6480309487
204.75	67930.63344318347
205.	67576.85952555218
205.25	67225.31012771188
205.5	66875.96922813717
205.75	66528.8209353624
206.	66183.84948686193
206.25	65841.03924777814
206.5	65500.37470966261
206.75	65161.8404888887
207.	64825.4213243993
207.25	64491.10207760185
207.5	64158.86773153184
207.75	63828.703389633134
208.	63500.5942745169
208.25	63174.52572687009
208.5	62850.48320432932
208.75	62528.452280338264
209.	62208.41864284556
209.25	61890.36809290991
209.5	61574.28654401677
209.75	61260.160021066215
210.	60947.97465928823
210.25	60637.71670316943
210.5	60329.37250539075
210.75	60022.92852577114
211.	59718.37133022868
211.25	59415.68758975809
211.5	59114.86407941268
211.75	58815.887677296734
212.	58518.74536356826
212.25	58223.42421945235
212.5	57929.911426264545
212.75	57638.194264444646
213.	57348.26011260043
213.25	57060.09644656033
213.5	56773.69083843233
213.75	56489.03095568249
214.	56206.10456022013
214.25	55924.899507490365
214.5	55645.40374555919
214.75	55367.605314098524
215.	55091.49234300327
215.25	54817.05305153637
215.5	54544.275748257416
215.75	54273.14883076114
216.	54003.6607905478
216.25	53735.80021088615
216.5	53469.55576148852
216.75	53202.751327390055
217.	52937.11157000499
217.25	52673.041430337296
217.5	52410.530020950166
217.75	52149.56656128712
218.	51890.14043883714
218.25	51632.24114325876
218.5	51375.858247568285
218.75	51120.98140737526
219.	50867.60036013055
219.25	50615.70492433965
219.5	50365.28499879188
219.75	50116.33056190609
220.	49868.831671006636
220.25	49622.77846158404
220.5	49378.161146608305
220.75	49134.970015831634
221.	48893.19543509063
221.25	48652.827845613625
221.5	48413.85776333879
221.75	48176.275778237854
222.	47940.07255364553
222.25	47705.23882559521
222.5	47471.76540216144
222.75	47239.643162806955
223.	47008.863057706025
223.25	46779.41610711156
223.5	46551.293400758244
223.75	46324.48609723608
224.	46098.9854233713
224.25	45874.78267361303
224.5	45651.86920942496
224.75	45430.2364586827
225.	45209.875915077
225.25	44990.77913746746
225.5	44772.93774893975
225.75	44556.34343649352
226.	44340.98795067614
226.25	44126.863105015495
226.5	43913.96077544559
226.75	43702.27289971695
227.	43491.79147688496
227.25	43282.50856677578
227.5	43074.41628944446
227.75	42867.50682463856
228.	42661.7724112666
228.25	42457.20534687175
228.5	42253.79798711058
228.75	42051.5427452372
229.	41850.43209159209
229.25	41650.45855309522
229.5	41451.61471274439
229.75	41253.89320911804
230.	41057.28673588053
230.25	40861.78804129422
230.5	40667.38992791189
230.75	40474.08525208585
231.	40281.866923436966
231.25	40090.72790438456
231.5	39900.66120968221
231.75	39711.65990595785
232.	39523.71711177828
232.25	39336.825998295535
232.5	39150.97978771762
232.75	38966.17175261021
233.	38782.39521545766
233.25	38599.6435482278
233.5	38417.910171939715
233.75	38237.1885562252
234.	38057.47221891277
234.25	37878.7547256178
234.5	37701.02968932755
234.75	37524.29076998982
235.	37348.53167410553
235.25	37173.746154324945
235.5	36999.92800905432
235.75	36827.0710821195
236.	36655.16926236736
236.25	36484.216483252254
236.5	36314.206722450646
236.75	36145.13400147919
237.	35976.9923853142
237.25	35809.775982003746
237.5	35643.478942300135
237.75	35478.09545911673
238.	35313.61976716733
238.25	35150.046142808904
238.5	34987.36890369396
238.75	34825.582408468515
239.	34664.68105670267
239.25	34504.65928842661
239.5	34345.51158369486
239.75	34187.23246224452
240.	34029.8164831567
240.25	33873.258244521094
240.5	33717.5523830619
240.75	33562.69357363091
241.	33408.67652905162
241.25	33255.49599988033
241.5	33103.1467740859
241.75	32951.623676732204
242.	32800.92156966359
242.25	32651.035351193073
242.5	32501.95995579341
242.75	32353.690353790927
243.	32206.221551062077
243.25	32059.54858873284
243.5	31913.666542880786
243.75	31768.570524239247
244.	31624.255677898942
244.25	31480.71718302177
244.5	31337.950252557694
244.75	31195.950132907874
245.	31054.712103511443
245.25	30914.23147672285
245.5	30774.50359753638
245.75	30635.523843306793
246.	30497.28762353382
246.25	30359.790379595936
246.5	30223.027584483076
246.75	30086.994742531555
247.	29951.687389011073
247.25	29817.101088968528
247.5	29683.23143760505
247.75	29550.074060482708
248.	29417.624613273332
248.25	29285.8787815075
248.5	29154.832280325896
248.75	29024.480854232654
249.	28894.820276708637
249.25	28765.84634966238
249.5	28637.554903577082
249.75	28509.941797368298
250.	28383.002918147915
250.25	28256.73418097586
250.5	28131.131528620634
250.75	28006.190931352357
251.	27881.90838672031
251.25	27758.27991932771
251.5	27635.301580605625
251.75	27512.96944849422
252.	27391.27962719966
252.25	27270.22824710756
252.5	27149.811464576847
252.75	27030.02546172586
253.	26910.86644622037
253.25	26792.330651063443
253.5	26674.41433438711
253.75	26557.11377924423
254.	26440.425293403547
254.25	26324.345209149335
254.5	26208.86988308043
254.75	26093.99569591093
255.	25979.719052272503
255.25	25866.036380518588
255.5	25752.94413253013
255.75	25640.43878352313
256.	25528.516831857796
256.25	25417.174798849384
256.5	25306.40922858069
256.75	25196.216687716034
257.	25086.593765315592
257.25	24977.537072653413
257.5	24869.04324303755
257.75	24761.108931630613
258.	24653.73081527176
258.25	24546.90559229921
258.5	24440.629982351747
258.75	24334.900726147607
259.	24229.714585098307
259.25	24125.06834133993
259.5	24020.95879771045
259.75	23917.382777638475
260.	23814.337126102608
260.25	23711.818710663654
260.5	23609.824419283505
260.75	23508.3511598927
261.	23407.395860229884
261.25	23306.955467525357
261.5	23207.02694788011
261.75	23107.60728660087
262.	23008.6934882211
262.25	22910.282583874396
262.5	22812.371643655057
262.75	22714.95776038788
263.	22618.038046341273
263.25	22521.6096330771
263.5	22425.669671302705
263.75	22330.215330724794
264.	22235.243799892145
264.25	22140.75228603523
264.5	22046.73801495045
264.75	21953.19823086271
265.	21860.130196273036
265.25	21767.531191810325
265.5	21675.398516112415
265.75	21583.72948569083
266.	21492.521434794395
266.25	21401.77171527351
266.5	21311.477696445658
266.75	21221.636764963103
267.	21132.24632468094
267.25	21043.303796526212
267.5	20954.80661836795
267.75	20866.752244888445
268.	20779.138147455367
268.25	20691.961813994898
268.5	20605.220748857508
268.75	20518.912472691685
269.	20433.034522332156
269.25	20347.58445067793
269.5	20262.559826570177
269.75	20177.958234672165
270.	20093.77727534968
270.25	20010.014564552293
270.5	19926.667733695565
270.75	19843.734429544187
271.	19761.212314096105
271.25	19679.099064455117
271.5	19597.39237259931
271.75	19516.08994533136
272.	19435.189504249567
272.25	19354.688785637733
272.5	19274.585540354783
272.75	19194.87753372238
273.	19115.56254540521
273.25	19036.63836931474
273.5	18958.10281350735
273.75	18879.953700078313
274.	18802.188865056567
274.25	18724.80615830036
274.5	18647.803443393786
274.75	18571.178597544018
275.	18494.92951147948
275.25	18419.05408934883
275.5	18343.550248620846
275.75	18268.41591998502
276.	18193.64904725281
276.25	18119.24758725977
276.5	18045.20950976848
276.75	17971.532797372154
277.	17898.21544539826
277.25	17825.255461809582
277.5	17752.650867160013
277.75	17680.3996945111
278.	17608.4999893137
278.25	17536.949809315276
278.5	17465.747224468792
278.75	17394.890316842553
279.	17324.377180530544
279.25	17254.205921584846
279.5	17184.374658300683
279.75	17114.88152112341
280.	17045.724652260284
280.25	16976.902205583745
280.5	16908.412346545916
280.75	16840.253252093775
281.	16772.423110585
281.25	16704.920121703697
281.5	16637.74249637366
281.75	16570.888456679353
282.	16504.35623578673
282.25	16438.14407786234
282.5	16372.250237993003
282.75	16306.67298210612
283.	16241.410586890648
283.25	16176.461339718599
283.5	16111.823538567314
283.75	16047.49549195228
284.	15983.475518864438
284.25	15919.76194868159
284.5	15856.353121091213
284.75	15793.24738601562
285.	15730.44310353766
285.25	15667.938643827034
285.5	15605.732387065473
285.75	15543.822723371213
286.	15482.20805273099
286.25	15420.886784882874
286.5	15359.857339215134
286.75	15299.118144772823
287.	15238.66764019619
287.25	15178.504273651422
287.5	15118.62650277297
287.75	15059.032794684264
288.	14999.721625905237
288.25	14940.6914822451
288.5	14881.940858735405
288.75	14823.4682595639
289.	14765.272198008945
289.25	14707.351196374355
289.5	14649.70378592393
289.75	14592.328506774293
290.	14535.22390781324
290.25	14478.38854670263
290.5	14421.820989821781
290.75	14365.519812205292
291.	14309.483597481314
291.25	14253.710937810332
291.5	14198.200433824371
291.75	14142.95069456668
292.	14087.96033743186
292.25	14033.227988106455
292.5	13978.752280510003
292.75	13924.531856736498
293.	13870.565366996323
293.25	13816.85146955865
293.5	13763.388830694166
293.75	13710.176124616675
294.	13657.212033426791
294.25	13604.495247058032
294.5	13552.02446322148
294.75	13499.798387333489
295.	13447.815732417774
295.25	13396.07521910252
295.5	13344.575575577288
295.75	13293.315537522803
296.	13242.29384807336
296.25	13191.509257772086
296.5	13140.960524518701
296.75	13090.646413517708
297.	13040.565697226908
297.25	12990.717155306353
297.5	12941.099574493874
297.75	12891.711748271226
298.	12842.442709989135
298.25	12792.753322029092
298.5	12743.288485288824
298.75	12694.047037967133
299.	12645.027825038878
299.25	12596.229698207319
299.5	12547.651515856833
299.75	12499.292142997534
300.	12451.15045110448
300.25	12403.225318106535
300.5	12355.515628434656
300.75	12308.020272978749
301.	12260.73814904246
301.25	12213.668160296655
301.5	12166.809216727645
301.75	12120.160234598836
302.	12073.720136410611
302.25	12027.487850857515
302.5	11981.462312785015
302.75	11935.64246314659
303.	11890.027248955583
303.25	11844.615623199486
303.5	11799.406544824546
303.75	11754.398978721112
304.	11709.59189568255
304.25	11664.984272364189
304.5	11620.575091242577
304.75	11576.363340575042
305.	11532.348014359555
305.25	11488.528112294867
305.5	11444.902639740665
305.75	11401.470607677804
306.	11358.231032670112
306.25	11315.182936825877
306.5	11272.325347759424
306.75	11229.657298552984
307.	11187.17782771885
307.25	11144.885979161805
307.5	11102.780802141786
307.75	11060.861351236896
308.	11019.126686306621
308.25	10977.575872455338
308.5	10936.207979996101
308.75	10895.022084414673
309.	10854.017266333814
309.25	10813.192611477805
309.5	10772.54721063676
309.75	10732.08015963203
310.	10691.790559281888
310.25	10651.677515367073
310.5	10611.740138596666
310.75	10571.977544574118
311.	10532.38885376352
311.25	10492.973191451105
311.5	10453.72968770839
311.75	10414.657477308496
312.	10375.75569967629
312.25	10337.023498933811
312.5	10298.460023884374
312.75	10260.064427996036
313.	10221.83586946387
313.25	10183.773511859543
313.5	10145.876523667317
313.75	10108.144077919425
314.	10070.575352163867
314.25	10033.16952843377
314.5	9995.925793210552
314.75	9958.84333725277
315.	9921.921355570268
315.25	9885.15904753949
315.5	9848.55561688054
315.75	9812.110272252323
316.	9775.82223053707
316.25	9739.690714523924
316.5	9703.714951409074
316.75	9667.894172764049
317.	9632.227614507065
317.25	9596.714516874872
317.5	9561.354124395031
317.75	9526.145685857906
318.	9491.088454282897
318.25	9456.181686890539
318.5	9421.424645082972
318.75	9386.816594417354
319.	9352.356804577586
319.25	9318.04454933752
319.5	9283.879106540964
319.75	9249.859758081435
320.	9215.985789876051
320.25	9182.25649183961
320.5	9148.671157858775
320.75	9115.229085766296
321.	9081.9295773157
321.25	9048.771938156238
321.5	9015.755477807825
321.75	8982.879509636114
322.	8950.143350827813
322.25	8917.546322366097
322.5	8885.087749006243
322.75	8852.766959251388
323.	8820.583285328497
323.25	8788.53606316318
323.5	8756.624632352909
323.75	8724.848336147359
324.	8693.206521426097
324.25	8661.698538675268
324.5	8630.323741964372
324.75	8599.081488923526
325.	8567.971140720725
325.25	8536.992062039237
325.5	8506.143621055135
325.75	8475.425189414967
326.	8444.836142213611
326.25	8414.375857972267
326.5	8384.043718616573
326.75	8353.839109444913
327.	8323.761419070883
327.25	8293.810039437978
327.5	8263.9843658128
327.75	8234.283796763903
328.	8204.70773414083
328.25	8175.255583053263
328.5	8145.926751849164
328.75	8116.720652090858
329.	8087.636698538508
329.25	8058.674309131121
329.5	8029.832904966405
329.75	8001.111910280738
330.	7972.510752429299
330.25	7944.02886186631
330.5	7915.665672125432
330.75	7887.420619800276
331.	7859.293144525044
331.25	7831.282688955316
331.5	7803.388698748969
331.75	7775.610622547259
332.	7747.947911955966
332.25	7720.400021526698
332.5	7692.966408738285
332.75	7665.646533978325
333.	7638.43986052484
333.25	7611.345854528061
333.5	7584.363984992307
333.75	7557.493723756551
334.	7530.734545479233
334.25	7504.085927638981
334.5	7477.547350509389
334.75	7451.118297137126
335.	7424.798253324551
335.25	7398.5867076123695
335.5	7372.483151262581
335.75	7346.487078241441
336.	7320.5979852025575
336.25	7294.81537147062
336.5	7269.138739099935
336.75	7243.567592943085
337.	7218.101440511543
337.25	7192.739791942064
337.5	7167.4821599804445
337.75	7142.328059965363
338.	7117.277009812335
338.25	7092.328529997795
338.5	7067.482143543236
338.75	7042.737375999154
339.	7018.093755428139
339.25	6993.550812390603
339.5	6969.108079929997
339.75	6944.765093557497
340.	6920.5213912367835
340.25	6896.376513368918
340.5	6872.330002777316
340.75	6848.381404692831
341.	6824.53026673893
341.25	6800.7761389169455
341.5	6777.118573591567
341.75	6753.557125480558
342.	6730.091351643095
342.25	6706.720811461184
342.5	6683.445066625108
342.75	6660.263681119265
343.	6637.176221208101
343.25	6614.182255422127
343.5	6591.281354544029
343.75	6568.473091594696
344.	6545.757041818354
344.25	6523.132782669816
344.5	6500.599893801125
344.75	6478.157957029872
345.	6455.806556321543
345.25	6433.545277799746
345.5	6411.373709734634
345.75	6389.291442529806
346.	6367.298068709315
346.25	6345.393182907999
346.5	6323.5763818869245
346.75	6301.84726451258
347.	6280.205431730218
347.25	6258.650486551126
347.5	6237.18203404011
347.75	6215.799681303066
348.	6194.50303747461
348.25	6173.291713705819
348.5	6152.165323152024
348.75	6131.123480959218
349.	6110.16580423282
349.25	6089.291912031855
349.5	6068.5014253739
349.75	6047.793967223747
350.	6027.169162481688
350.25	6006.626637971835
350.5	5986.16602243056
350.75	5965.786946494958
351.	5945.489042691431
351.25	5925.27194542431
351.5	5905.135290964568
351.75	5885.078717438598
352.	5865.101864817064
352.25	5845.204374903814
352.5	5825.38589132487
352.75	5805.646059517503
353.	5785.984526719356
353.25	5766.400941957647
353.5	5746.894956038411
353.75	5727.466221535329
354.	5708.114392779101
354.25	5688.839125847576
354.5	5669.640078555325
354.75	5650.516910443215
355.	5631.469282760776
355.25	5612.496858444153
355.5	5593.59930212311
355.75	5574.776280114182
356.	5556.027460407047
356.25	5537.352512653006
356.5	5518.751108160389
356.75	5500.222919885139
357.	5481.76762242101
357.25	5463.384891989802
357.5	5445.074406431643
357.75	5426.835845195383
358.	5408.668889328995
358.25	5390.57322145683
358.5	5372.548525674449
358.75	5354.594487596829
359.	5336.710794403814
359.25	5318.897134831288
359.5	5301.153199161977
359.75	5283.478679216281
360.	5265.873268343184
360.25	5248.336661411204
360.5	5230.868554799414
360.75	5213.46864638851
361.	5196.1366355501095
361.25	5178.872223103149
361.5	5161.675111309178
361.75	5144.545003897313
362.	5127.481606056908
362.25	5110.48462442896
362.5	5093.553767097561
362.75	5076.688743581198
363.	5059.889264822023
363.25	5043.155043178352
363.5	5026.485792417884
363.75	5009.881227709808
364.	4993.341065616633
364.25	4976.865024086013
364.5	4960.452822442613
364.75	4944.104181380025
365.	4927.818822947761
365.25	4911.59647053066
365.5	4895.436848855705
365.75	4879.339683988319
366.	4863.304703324538
366.25	4847.331635583234
366.5	4831.420210798366
366.75	4815.570160311311
367.	4799.781216763204
367.25	4784.053114087365
367.5	4768.385587501737
367.75	4752.778373501391
368.	4737.231209850895
368.25	4721.743835576905
368.5	4706.315990961007
368.75	4690.947417532423
369.	4675.637858060726
369.25	4660.387056548636
369.5	4645.194758224805
369.75	4630.060709536706
370.	4614.984658143518
370.25	4599.966352909087
370.5	4585.005543894905
370.75	4570.101982353152
371.	4555.255420719773
371.25	4540.465612607587
371.5	4525.7323127994605
371.75	4511.055277241504
372.	4496.43426303631
372.25	4481.869028436252
372.5	4467.359332836763
372.75	4452.904936769555
373.	4438.50560189618
373.25	4424.161091001543
373.5	4409.871167987389
373.75	4395.635597865837
374.	4381.454146752942
374.25	4367.326581862301
374.5	4353.252671498705
374.75	4339.232185051235
375.	4325.264892985385
375.25	4311.350566836388
375.5	4297.48897917881
375.75	4283.679903630377
376.	4269.923114864157
376.25	4256.21838860388
376.5	4242.565501624831
376.75	4228.964231744293
377.	4215.414357868579
377.25	4201.915660199542
377.5	4188.46792004575
377.75	4175.070919738591
378.	4161.724442626409
378.25	4148.428273068705
378.5	4135.182196430364
378.75	4121.985999075293
379.	4108.839468324203
379.25	4095.742392429756
379.5	4082.694560624571
379.75	4069.6957631206433
380.	4056.7457911037745
380.25	4043.8444367776065
380.5	4030.99149376109
380.75	4018.1867568940465
381.	4005.4300220043165
381.25	3992.7210859002616
381.5	3980.0597463653976
381.75	3967.44580215297
382.	3954.8790529806756
382.25	3942.3592995254767
382.5	3929.886343418365
382.75	3917.459987238981
383.	3905.080034508142
383.25	3892.746289683478
383.5	3880.458558156292
383.75	3868.216646246517
384.	3856.020361197663
384.25	3843.8695111705583
384.5	3831.763905234298
384.75	3819.7033533654353
385.	3807.687666444542
385.25	3795.7166562513057
385.5	3783.790135459633
385.75	3771.9079176327955
386.	3760.0698172185907
386.25	3748.2756495444655
386.5	3736.525230812782
386.75	3724.818378096119
387.	3713.1549093325525
387.25	3701.5346433209647
387.5	3689.957399716372
387.75	3678.4229990252907
388.	3666.931262601117
388.25	3655.4820126395416
388.5	3644.0750721739914
388.75	3632.710265071088
389.	3621.3874160261494
389.25	3610.106350558488
389.5	3598.8668950058345
389.75	3587.6688765207964
390.	3576.5121230670616
390.25	3565.396463415011
390.5	3554.3217271373514
390.75	3543.2877446047355
391.	3532.294346981507
391.25	3521.341366221443
391.5	3510.4286350634916
391.75	3499.5559870275397
392.	3488.723256410203
392.25	3477.930278280637
392.5	3467.1768884763833
392.75	3456.462923599223
393.	3445.7882210110647
393.25	3435.152618829858
393.5	3424.5559559231688
393.75	3413.9980718919983
394.	3403.4788070765735
394.25	3392.998002558233
394.5	3382.5555001554717
394.75	3372.151142419984
395.	3361.784772632732
395.25	3351.4562348000436
395.5	3341.165373649681
395.75	3330.9120346259915
396.	3320.696063886102
396.25	3310.517308297206
396.5	3300.375615432829
396.75	3290.270833569045
397.	3280.2028116807196
397.25	3270.1713994377815
397.5	3260.1764472015034
397.75	3250.2178060208066
398.	3240.2953276285957
398.25	3230.4088644381004
398.5	3220.5582695392513
398.75	3210.7433966950607
399.	3200.9641003380407
399.25	3191.2202355666323
399.5	3181.511658141669
399.75	3171.838224482853
400.	3162.199791665231
400.25	3152.59621741571
400.5	3143.027360109585
400.75	3133.493078767091
401.	3123.993233049966
401.25	3114.52768325804
401.5	3105.096290325843
401.75	3095.6989158191873
402.	3086.3354219311454
402.25	3077.0056714798925
402.5	3067.709527911028
402.75	3058.44685529173
403.	3049.217518305959
403.25	3040.021382251198
403.5	3030.858313035197
403.75	3021.7281771727316
404.	3012.630841782424
404.25	3003.566174583552
404.5	2994.5340438928793
404.75	2985.534318621501
405.	2976.566868271863
405.25	2967.6315629582805
405.5	2958.7282734312057
405.75	2949.8568710342665
406.	2941.0172276954504
406.25	2932.209215924068
406.5	2923.4327088077152
406.75	2914.6875800092507
407.	2905.973703763806
407.25	2897.2909548757916
407.5	2888.639208715935
407.75	2880.0183412183223
408.	2871.428228877331
408.25	2862.8687487443076
408.5	2854.339778425109
408.75	2845.8411960773865
409.	2837.3728804077145
409.25	2828.9347106687337
409.5	2820.5265666563155
409.75	2812.1483287067317
410.	2803.7998776938543
410.25	2795.481095026353
410.5	2787.1918626449224
410.75	2778.9320630195193
411.	2770.701579146614
411.25	2762.5002945464553
411.5	2754.3280932610646
411.75	2746.1848598530505
412.	2738.0704794016783
412.25	2729.9848374999083
412.5	2721.9278202517426
412.75	2713.8993142695854
413.	2705.89920667161
413.25	2697.9273850791487
413.5	2689.9837376140845
413.75	2682.0681528962714
414.	2674.1805200409094
414.25	2666.320728655666
414.5	2658.4886688383394
414.75	2650.6842311745436
415.	2642.907306734415
415.25	2635.157787062447
415.5	2627.435564178565
415.75	2619.7405305810003
416.	2612.0725792439057
416.25	2604.4161096087582
416.5	2596.6382828219366
416.75	2588.8871088299143
417.	2581.1624842482966
417.25	2573.464306156266
417.5	2565.79247209287
417.75	2558.1468800493763
418.	2550.527428466856
418.25	2542.934016233883
418.5	2535.3665426842435
418.75	2527.824907594661
419.	2520.3090111825295
419.25	2512.8187541036637
419.5	2505.354037450058
419.75	2497.9147627476596
420.	2490.5008319539324
420.25	2483.112147450408
420.5	2475.7486120398726
420.75	2468.4101289505975
421.	2461.0966018345957
421.25	2453.807934765458
421.5	2446.544032236214
421.75	2439.304799157194
422.	2432.0901408539075
422.25	2424.8999630649373
422.5	2417.73417193983
422.75	2410.59267403702
423.	2403.4753763217386
423.25	2396.3821861639613
423.5	2389.3130113363427
423.75	2382.267760012176
424.	2375.2463407633604
424.25	2368.248662558377
424.5	2361.2746347602742
424.75	2354.324167124672
425.	2347.39716979777
425.25	2340.4935533143685
425.5	2333.6132285958984
425.75	2326.7561069484614
426.	2319.922100060755
426.25	2313.111120002101
426.5	2306.323079220693
426.75	2299.5578905416933
427.	2292.8154671653288
427.25	2286.095722664987
427.5	2279.3985709838453
427.75	2272.7239264281025
428.	2266.0717036700776
428.25	2259.4418177481507
428.5	2252.834184064885
428.75	2246.2487183839403
429.	2239.6853368279653
429.25	2233.1439558784136
429.5	2226.624492373848
429.75	2220.126863508141
430.	2213.6509868286853
430.25	2207.1967802346144
430.5	2200.7641619750325
430.75	2194.3530506472543
431.	2187.9633651950485
431.25	2181.595024906901
431.5	2175.247949408099
431.75	2168.9220586284946
432.	2162.617272824583
432.25	2156.333512591687
432.5	2150.0706988623087
432.75	2143.8287529044424
433.	2137.6075963199005
433.25	2131.4071510426393
433.5	2125.227339337103
433.75	2119.068083796571
434.	2112.9293073415156
434.25	2106.8109332179674
434.5	2100.712884995891
434.75	2094.6350865674167
435.	2088.577462136614
435.25	2082.5399362133635
435.5	2076.5224336245155
435.75	2070.524879513501
436.	2064.547199338756
436.25	2058.5893188721525
436.5	2052.6511641974453
436.75	2046.7326617087174
437.	2040.8337381085526
437.25	2034.95432040583
437.5	2029.094335914968
437.75	2023.2537122545828
438.	2017.4323773460844
438.25	2011.630259412186
438.5	2005.8472869754123
438.75	2000.0833888566083
439.	1994.3384941734641
439.25	1988.612532339042
439.5	1982.9054330598713
439.75	1977.217126329915
440.	1971.5475424311758
440.25	1965.8966119355225
440.5	1960.2642657033125
440.75	1954.6504348819656
441.	1949.0550509045452
441.25	1943.4780454883487
441.5	1937.9193506335005
441.75	1932.3788986215607
442.	1926.8566220141304
442.25	1921.3524536514713
442.5	1915.8663266511326
442.75	1910.3981744065802
443.	1904.947930585832
443.25	1899.515529130033
443.5	1894.1009042521505
443.75	1888.7039904356764
444.	1883.3247224332974
444.25	1877.9630352655693
444.5	1872.6188642195966
444.75	1867.2921448477196
445.	1861.9828129662096
445.25	1856.6908046539681
445.5	1851.416056251237
445.75	1846.1585043583082
446.	1840.9180858342504
446.25	1835.6947377956296
446.5	1830.4883976152496
446.75	1825.299002920887
447.	1820.12649159404
447.25	1814.970801768683
447.5	1809.8318718300236
447.75	1804.70964041327
448.	1799.604046402404
448.25	1794.5150289289563
448.5	1789.442527370795
448.75	1784.386481350876
449.	1779.3468307360304
449.25	1774.323515635822
449.5	1769.31647640136
449.75	1764.325653624114
450.	1759.350988134737
450.25	1754.3924210018922
450.5	1749.4498935310874
450.75	1744.5233472635125
451.	1739.6127239748873
451.25	1734.717965674266
451.5	1729.8390146024037
451.75	1724.9758132308314
452.	1720.1283042596478
452.25	1715.2964306081171
452.5	1710.480135419548
452.75	1705.679362064323
453.	1700.8940541388113
453.25	1696.1241554652836
453.5	1691.369610092252
453.75	1686.630362291562
454.	1681.9063565657882
454.25	1677.1975377164854
454.5	1672.5038508072075
454.75	1667.8252411226088
455.	1663.1616541670294
455.25	1658.5130356634345
455.5	1653.8793315523615
455.75	1649.2604879908697
456.	1644.6564513514973
456.25	1640.0671682201819
456.5	1635.4925853794473
456.75	1630.9326498109062
457.	1626.3873087077407
457.25	1621.8565094740843
457.5	1617.3401997240117
457.75	1612.8383272805333
458.	1608.3508401691497
458.25	1603.8776865882817
458.5	1599.4188149321662
458.75	1594.9741738044038
459.	1590.5437120170293
459.25	1586.1273785895478
459.5	1581.7251227479794
459.75	1577.3368939238771
460.	1572.9626417533846
460.25	1568.6023160763202
460.5	1564.2558669352418
460.75	1559.923244574507
461.	1555.6043994392924
461.25	1551.2992821739665
461.5	1547.0078436214371
461.75	1542.7300348227982
462.	1538.4658070164337
462.25	1534.215111637107
462.5	1529.9779003150586
462.75	1525.7541248748114
463.	1521.5437373326859
463.25	1517.3466898971458
463.5	1513.1629349686832
463.75	1508.992425138944
464.	1504.835113189847
464.25	1500.690952092715
464.5	1496.5598950074027
464.75	1492.4418952814376
465.	1488.336906449149
465.25	1484.2448822307942
465.5	1480.16577653173
465.75	1476.0995434415768
466.	1472.0461372333677
466.25	1468.0055123627174
466.5	1463.9776234669794
466.75	1459.9624253644222
467.	1455.9598730533964
467.25	1451.9699217115146
467.5	1447.9925266948312
467.75	1444.0276435370267
468.	1440.0752279485987
468.25	1436.1352358160514
468.5	1432.2076232010932
468.75	1428.2923463398165
469.	1424.3893616415621
469.25	1420.4986256882269
469.5	1416.6200952337722
469.75	1412.75372720345
470.	1408.8994786930186
470.25	1405.0573069679674
470.5	1401.2271694627248
470.75	1397.4090237799005
471.	1393.6028276895315
471.25	1389.8085391283175
471.5	1386.0261161988647
471.75	1382.2555171689303
472.	1378.4967004706696
472.25	1374.7496246998917
472.5	1371.0142486153122
472.75	1367.290531137815
473.	1363.5784313497136
473.25	1359.8779084940195
473.5	1356.18892197371
473.75	1352.5114313510012
474.	1348.8453963448633
474.25	1345.1907768274802
474.5	1341.5475328276402
474.75	1337.9156245308266
475.	1334.2950122785053
475.25	1330.6856565674198
475.5	1327.0875180488908
475.75	1323.500557528115
476.	1319.9247359634696
476.25	1316.3600144658215
476.5	1312.8063542977015
476.75	1309.2637168723027
477.	1305.7320637531902
477.25	1302.2113566537278
477.5	1298.7015574364007
477.75	1295.202628112144
478.	1291.7145308396712
478.25	1288.2372279248093
478.5	1284.7706818198355
478.75	1281.3148551228142
479.	1277.8697105769438
479.25	1274.4352110698994
479.5	1271.0113196331847
479.75	1267.5979994414813
480.	1264.1952138120048
480.25	1260.8029262038656
480.5	1257.4211002174256
480.75	1254.0496995936678
481.	1250.688688213564
481.25	1247.3380300974475
481.5	1243.997689404385
481.75	1240.6676304315517
482.	1237.3478176136111
482.25	1234.0382155220987
482.5	1230.7387888648034
482.75	1227.4495024851587
483.	1224.1703213616324
483.25	1220.9012106071193
483.5	1217.6421354683384
483.75	1214.3930613252335
484.	1211.1539536902962
484.25	1207.9247782077498
484.5	1204.7055006537298
484.75	1201.4960869371653
485.	1198.2965030981125
485.25	1195.1067153068484
485.5	1191.9266898632916
485.75	1188.7563931964228
486.	1185.5957918637062
486.25	1182.444852550512
486.5	1179.3035420695567
486.75	1176.1718273603324
487.	1173.0496754885453
487.25	1169.937053645552
487.5	1166.8339291477978
487.75	1163.7402694362643
488.	1160.6560420798214
488.25	1157.5812147877075
488.5	1154.5157553977015
488.75	1151.4596318713734
489.	1148.412812293543
489.25	1145.375264871735
489.5	1142.3469579356413
489.75	1139.3278599365858
490.	1136.3179394469887
490.25	1133.3171651598357
490.5	1130.3255058881496
490.75	1127.3429305644624
491.	1124.3694082402915
491.25	1121.404908085609
491.5	1118.4493993882186
491.75	1115.5028515532167
492.	1112.5652341026207
492.25	1109.636516674868
492.5	1106.7166690243066
492.75	1103.8056610206877
493.	1100.9034626486587
493.25	1098.0100440072629
493.5	1095.125375309437
493.75	1092.249426881513
494.	1089.3821691627236
494.25	1086.5235727047068
494.5	1083.6736081710158
494.75	1080.8322463366276
495.	1077.9994580874597
495.25	1075.1752144198822
495.5	1072.35948644029
495.75	1069.5522453650947
496.	1066.7534625201286
496.25	1063.9631093399448
496.5	1061.1811573673465
496.75	1058.4075782529144
497.	1055.64234375454
497.25	1052.8854257369546
497.5	1050.1367961712688
497.75	1047.3964271345058
498.	1044.6642908091421
498.25	1041.9403594826497
498.5	1039.2246055470362
498.75	1036.5170014983362
499.	1033.8175199361087
499.25	1031.126133563091
499.5	1028.4428151847649
499.75	1025.767537708878
500.	1023.1002741432652
500.25	1020.4409975945752
500.5	1017.7896812703511
500.75	1015.1462984788193
501.	1012.5108226284518
501.25	1009.8832272275305
501.5	1007.2634858837166
501.75	1004.6515723036215
502.	1002.0474602923784
502.25	999.4511237534691
502.5	996.8625366910512
502.75	994.2816732088846
503.	991.7085075082459
503.25	989.1430138874813
503.5	986.5851667415908
503.75	984.0349405618125
504.	981.4923099352106
504.25	978.9572495442625
504.5	976.429734166453
504.75	973.9097386738644
505.	971.3972380327699
505.25	968.8922073032338
505.5	966.394621638706
505.75	963.9044562856194
506.	961.4216865823845
506.25	958.9462879570473
506.5	956.4782359288492
506.75	954.0175061086326
507.	951.5640741984492
507.25	949.1179159911728
507.5	946.6790073701101
507.75	944.247324308614
508.	941.8228428697008
508.25	939.4055392056684
508.5	936.995389557713
508.75	934.5923702555524
509.	932.1964577170464
509.25	929.8076284478242
509.5	927.4258590409078
509.75	925.0511261763388
510.	922.6834066208124
510.25	920.3226772273023
510.5	917.9689149346984
510.75	915.6220967674373
511.	913.2821998351393
511.25	910.9492013322473
511.5	908.6230785376623
511.75	906.3038088143896
512.	903.991369609176
512.25	901.6857384521575
512.5	899.3868929565019
512.75	897.0948108180579
513.	894.8094698149769
513.25	892.5308478073287
513.5	890.2589227368115
513.75	887.9936726264151
514.	885.7350755800736
514.25	883.4831097823234
514.5	881.2377534979613
514.75	878.9989850716487
515.	876.7667829262117
515.25	874.5411255622463
515.5	872.3219915592763
515.75	870.1093595755016
516.	867.9032083474594
516.25	865.7035166895504
516.5	863.5102634932111
516.75	861.323427727089
517.	859.1429884369018
517.25	856.9689247451107
517.5	854.8012158505977
517.75	852.6398410283412
518.	850.4847796290961
518.25	848.3360110790732
518.5	846.1935148796179
518.75	844.0572706068984
519.	841.9272579115856
519.25	839.8034565185386
519.5	837.6858462264939
519.75	835.5744069040724
520.	833.4691184813611
520.25	831.3699609592073
520.5	829.2769144113644
520.75	827.1899589841909
521.	825.109074896347
521.25	823.0342424384907
521.5	820.9654419729768
521.75	818.9026539335549
522.	816.8458588250732
522.25	814.7950372231778
522.5	812.750169774016
522.75	810.7112371939439
523.	808.6782202692299
523.25	806.6510998557615
523.5	804.6298568787568
523.75	802.6144723319006
524.	800.6049272730021
524.25	798.6012028261947
524.5	796.6032801839432
524.75	794.6111406067729
525.	792.6247654229852
525.25	790.6441360283783
525.5	788.669233885961
525.75	786.7000405256773
526.	784.7365375441248
526.25	782.778706604239
526.5	780.8265294347702
526.75	778.8799878301774
527.	776.9390636504627
527.25	775.0037388209129
527.5	773.0739953318471
527.75	771.1498152383485
528.	769.2311806599959
528.25	767.3180737805927
528.5	765.4104768479028
528.75	763.5083721733833
529.	761.6117421319206
529.25	759.7205691615546
529.5	757.8348357622649
529.75	755.95452449504
530.	754.0796179831727
530.25	752.210098912175
530.5	750.3459500295194
530.75	748.4871541443825
531.	746.6336941273897
531.25	744.7855529103599
531.5	742.9427134860537
531.75	741.1051589079199
532.	739.2728722898436
532.25	737.4458368058989
532.5	735.6240356900968
532.75	733.8074522361392
533.	731.996069797171
533.25	730.1898717855349
533.5	728.3888416725263
533.75	726.5929629881304
534.	724.8022193207817
534.25	723.0165943171388
534.5	721.2360716818496
534.75	719.4606351773087
535.	717.6902686234205
535.25	715.9249558973611
535.5	714.1646809333417
535.75	712.4094277223734
536.	710.6591803120334
536.25	708.91392280623
536.5	707.1736393649713
536.75	705.4383142041343
537.	703.7079315952325
537.25	701.9824758651885
537.5	700.2619313961045
537.75	698.5462826250348
538.	696.8355140437594
538.25	695.1296101985586
538.5	693.428555689989
538.75	691.7323351726578
539.	690.040933355003
539.25	688.3543349990687
539.5	686.6725249202872
539.75	684.9954879872568
540.	683.3232091215249
540.25	681.6556732973672
540.5	679.9928655415573
540.75	678.3347709331537
541.	676.6813746032981
541.25	675.032661735003
541.5	673.388617562937
541.75	671.749227373213
542.	670.1144765031775
542.25	668.4843503411973
542.5	666.8588343264537
542.75	665.2379139487299
543.	663.6215747482058
543.25	662.0098023152492
543.5	660.4025822901984
543.75	658.7999003630281
544.	657.201742273201
544.25	655.6080938095424
544.5	654.018940808523
544.75	652.4342691526798
545.	650.8540647730932
545.25	649.2783136495314
545.5	647.7070018102496
545.75	646.1401153318478
546.	644.5776403396593
546.25	643.0195630073794
546.5	641.4658695564974
546.75	639.9165462570239
547.	638.3715794459888
547.25	636.8309555266129
547.5	635.2946609503867
547.75	633.7626822161476
548.	632.2350058698859
548.25	630.7116185045563
548.5	629.1925067598881
548.75	627.677657322196
549.	626.1670569241911
549.25	624.6606923447952
549.5	623.1585504087689
549.75	621.6606179820196
550.	620.1668819712431
550.25	618.677329328525
550.5	617.1919470513974
550.75	615.7107221826567
551.	614.233641810182
551.25	612.7606930667549
551.5	611.2918631296735
551.75	609.8271392108685
552.	608.3665085524616
552.25	606.9099584396453
552.5	605.4574762015956
552.75	604.0090492112993
553.	602.5646648853808
553.25	601.1243106839327
553.5	599.6879741103405
553.75	598.2556427111069
554.	596.8273040756866
554.25	595.4029458363233
554.5	593.9825556678837
554.75	592.5661212876892
555.	591.1536304553475
555.25	589.7450709725717
555.5	588.3404306827962
555.75	586.9396974711027
556.	585.5428592642205
556.25	584.1499040303671
556.5	582.7608197790854
556.75	581.375594561082
557.	579.9942164680657
557.25	578.6166736325675
557.5	577.2429542273072
557.75	575.8730464650315
558.	574.5069385988642
558.25	573.1446189221722
558.5	571.786075768411
558.75	570.4312975109663
559.	569.0802725629976
559.25	567.7329893772851
559.5	566.3894364460732
559.75	565.0496023009164
560.	563.7134755125263
560.25	562.3810446906098
560.5	561.0522984837244
560.75	559.7272255791294
561.	558.405814702635
561.25	557.0880546184527
561.5	555.7739341290451
561.75	554.4634420749763
562.	553.156567334765
562.25	551.8532988247345
562.5	550.5536254988674
562.75	549.2575363486584
563.	547.9650204029667
563.25	546.6760667278735
563.5	545.3906644265344
563.75	544.1088026390358
564.	542.8304705422529
564.25	541.5556573497039
564.5	540.284352311409
564.75	539.0165447136797
565.	537.7522238789211
565.25	536.4913791656126
565.5	535.2339999681828
565.75	533.9800757168688
566.	532.729595877578
566.25	531.4825499517493
566.5	530.2389274762116
566.75	528.998718023045
567.	527.7619111994483
567.25	526.5284966476038
567.5	525.2984640445421
567.75	524.0718031020066
568.	522.848503566318
568.25	521.6285552182413
568.5	520.4119478728521
568.75	519.1986713794026
569.	517.9887156211904
569.25	516.782070515425
569.5	515.5787260130979
569.75	514.3786720988506
570.	513.1818987908449
570.25	511.98839614063206
570.5	510.7981542330251
570.75	509.61116318587244
571.	508.427413148766
571.25	507.2468943033313
571.5	506.06959686400666
571.75	504.8955110779373
572.	503.7246272248474
572.25	502.55693561691595
572.5	501.392426598651
572.75	500.2310905467644
573.	499.0729178700486
573.25	497.91789900925255
573.5	496.7660244369581
573.75	495.6172846574544
574.	494.47167020651455
574.25	493.3291716512772
574.5	492.18977959023186
574.75	491.0534846531058
575.	489.9202775007417
575.25	488.79014882498035
575.5	487.6630893485395
575.75	486.53908982489514
576.	485.41814103816415
576.25	484.3002338029857
576.5	483.1853589644045
576.75	482.07350739775273
577.	480.96467000853465
577.25	479.85883773231035
577.5	478.75600153458004
577.75	477.65615241066916
578.	476.55928138561313
578.25	475.46537951404434
578.5	474.3744378800776
578.75	473.2864475971974
579.	472.20139980814446
579.25	471.1192856848066
579.5	470.04009642810445
579.75	468.96382326788154
580.	467.89045746279186
580.25	466.8199903001901
580.5	465.7524130960215
580.75	464.68771719471147
581.	463.625893969057
581.25	462.56693482011804
581.5	461.5108311771081
581.75	460.4575744972873
582.	459.4071562658546
582.25	458.3595679958404
582.5	457.3148012279999
582.75	456.272847530707
583.	455.23369849980185
583.25	454.19734575845166
583.5	453.16378095724235
583.75	452.13299577454376
584.	451.1049819161016
584.25	450.0797311147943
584.5	449.05723513052874
584.75	448.03748575013776
585.	447.0204747872779
585.25	446.0061940823264
585.5	444.9946355022772
585.75	443.985790940643
586.	442.9796523173543
586.25	441.9762115786587
586.5	440.9754606970215
586.75	439.97739167102566
587.	438.9819965252723
587.25	437.9892673102821
587.5	436.99919610239687
587.75	436.01177500493463
588.	435.0269961520818
588.25	434.0448517052041
588.5	433.06533385147446
588.75	432.08843480377715
589.	431.1141468006104
589.25	430.1424621059922
589.5	429.17337300936333
589.75	428.20687182549307
590.	427.2429508943846
590.25	426.28160258118027
590.5	425.3228192760677
590.75	424.35833396292014
591.	423.3783320577529
591.25	422.4008760216598
591.5	421.4259584686261
591.75	420.4535720365871
592.	419.4837093872951
592.25	418.5163632062483
592.5	417.5515262026352
592.75	416.58919110924836
593.	415.6293506823956
593.25	414.67199770181287
593.5	413.7171249705762
593.75	412.7647253150157
594.	411.8147915846282
594.25	410.8673166519914
594.5	409.9222934126774
594.75	408.9797147851681
595.	408.0395737107685
595.25	407.101863153523
595.5	406.16657610013027
595.75	405.2337055598585
596.	404.3032445644624
596.25	403.37518616809854
596.5	402.44952344724317
596.75	401.52624950061397
597.	400.6053574491915
597.25	399.68684043614996
597.5	398.77069162670387
597.75	397.85690420802376
598.	396.9454713891562
598.25	396.0363864009415
598.5	395.1296424959345
598.75	394.22523294832325
599.	393.32315105384873
599.25	392.42339012972565
599.5	391.5259435145626
599.75	390.6308045682824
600.	389.7379666720437
600.25	388.84742322816277
600.5	387.95916766003205
600.75	387.0731934120124
601.	386.1894939493569
601.25	385.30806275816735
601.5	384.4288933453175
601.75	383.55197923837727
602.	382.6773139854783
602.25	381.80489115449006
602.5	380.9347043331699
602.75	380.06674712969067
603.	379.2010131725806
603.25	378.3374961106479
603.5	377.47618961290624
603.75	376.61708736849897
604.	375.7601830866265
604.25	374.9054704964721
604.5	374.05294334712863
604.75	373.20259540752426
605.	372.35442046658545
605.25	371.50841233403
605.5	370.66456483964
605.75	369.82287183291453
606.	368.9833271829976
606.25	368.14592477860725
606.5	367.31065852796274
606.75	366.47752235871536
607.	365.6465102178758
607.25	364.8176160717446
607.5	363.9908339058419
607.75	363.1661577248365
608.	362.3435815524775
608.25	361.5230994315235
608.5	360.7047054236741
608.75	359.8883936095009
609.	359.0741580883784
609.25	358.26199297840765
609.5	357.45189241599263
609.75	356.64385055541993
610.	355.8378615694585
610.25	355.03391964938936
610.5	354.23201900493933
610.75	353.4321538642132
611.	352.63431847362824
611.25	351.83850709784656
611.5	351.04471401971
611.75	350.2529335401734
612.	349.4631599782394
612.25	348.6753876708933
612.5	347.889610973037
612.75	347.1058242574248
613.	346.32402191459886
613.25	345.54419835282374
613.5	344.7663479980235
613.75	343.99046529371685
614.	343.21654470095405
614.25	342.4445806982527
614.5	341.6745677815354
614.75	340.9065004640659
615.	340.14037327638687
615.25	339.3761807662571
615.5	338.6139174985895
615.75	337.8535780553883
616.	337.0951570356884
616.25	336.33864905549245
616.5	335.58404874771117
616.75	334.8313507621008
617.	334.0805497652027
617.25	333.331640440283
617.5	332.5846174872717
617.75	331.8394756226996
618.	331.096209579619
618.25	330.3548141075571
618.5	329.61528397246775
618.75	328.87761395667195
619.	328.14179885879884
619.25	327.40783349372725
619.5	326.67571269252653
619.75	325.94543130239816
620.	325.21698418659855
620.25	324.4903662239399
620.5	323.76557230874045
620.75	323.04259735122406
621.	322.3214362774842
621.25	321.60208402942743
621.5	320.88453556471586
621.75	320.16878585667445
622.	319.4548298940525
622.25	318.74266268111415
622.5	318.03227923766696
622.75	317.3236745990073
623.	316.6168438158634
623.25	315.9117819543409
623.5	315.208484095867
623.75	314.5069453371357
624.	313.80716079005305
624.25	313.1091255816825
624.5	312.41283485419007
624.75	311.7182837647911
625.	311.02546748569483
625.25	310.3343812040521
625.5	309.6450201219007
625.75	308.9573794561103
626.	308.2714544370062
626.25	307.58724030603884
626.5	306.90473231876905
626.75	306.2239257454481
627.	305.5448158709674
627.25	304.86739799480654
627.5	304.19166743098134
627.75	303.51761950799226
628.	302.845249568773
628.25	302.17455297063844
628.5	301.50552508523435
628.75	300.8381612984858
629.	300.17245701054605
629.25	299.50840763574683
629.5	298.84600860254704
629.75	298.1852553534832
630.	297.5261433451187
630.25	296.8686680479944
630.5	296.21282494657856
630.75	295.5586095391712
631.	294.906017336792
631.25	294.25504386313224
631.5	293.605684655606
631.75	292.95793526535317
632.	292.311791257191
632.25	291.6672482095656
632.5	291.02430171450385
632.75	290.38294737756496
633.	289.7431808177931
633.25	289.1049976676692
633.5	288.46839357306385
633.75	287.83336419318755
634.	287.1999052004817
634.25	286.56801228057185
634.5	285.9376811322854
634.75	285.30890746759866
635.	284.6816870115993
635.25	284.0560155024431
635.5	283.43188869130785
635.75	282.8093023423478
636.	282.18825223264747
636.25	281.5687341521759
636.5	280.9507439037416
636.75	280.334277302947
637.	279.71933017814314
637.25	279.1058983703849
637.5	278.4939777333755
637.75	277.88356413305456
638.	277.27465344747264
638.25	276.6672415672006
638.5	276.06132439531575
638.75	275.4568978473575
639.	274.85395785128395
639.25	274.2525003474282
639.5	273.6525212884546
639.75	273.0540166393152
640.	272.45698237720745
640.25	271.86141449152996
640.5	271.2673089838405
640.75	270.67466186781286
641.	270.08346916919436
641.25	269.4937269257636
641.5	268.90543118728783
641.75	268.318578015481
642.	267.7331634839621
642.25	267.1491836782127
642.5	266.5666346955361
642.75	265.98551264501185
643.	265.4058136474494
643.25	264.8275338353545
643.5	264.25066935289016
643.75	263.6752163558353
644.	263.10117101154407
644.25	262.5285294989056
644.5	261.95728800830324
644.75	261.38744274157403
645.	260.81898991196914
645.25	260.2519257441131
645.5	259.6862464739645
645.75	259.121948348776
646.	258.55902762705483
646.25	257.9974805785229
646.5	257.4373034840785
646.75	256.87849263575595
647.	256.3210443366873
647.25	255.76495490106322
647.5	255.2102206540944
647.75	254.65683793197277
648.	254.10480308183284
648.25	253.55411246171408
648.5	253.00476244052194
648.75	252.45674939799014
649.	251.9100697246429
649.25	251.3647198217569
649.5	250.8206961013238
649.75	250.2779949860125
650.	249.73661290913208
650.25	249.1965463145945
650.5	248.65779165687715
650.75	248.12034540098588
651.	247.58420402241174
651.25	247.04936400709863
651.5	246.5158218514095
651.75	245.9835740620901
652.	245.45261715623286
652.25	244.92294766124027
652.5	244.3945621147893
652.75	243.86745706479522
653.	243.3416290693757
653.25	242.81707469681558
653.5	242.29379052553085
653.75	241.77177314403363
654.	241.25101915089655
654.25	240.73152515471799
654.5	240.2132877740864
654.75	239.6963036375247
655.	239.1805693834301
655.25	238.66608166008274
655.5	238.1528371256158
655.75	237.64083244764967
656.	237.13006430260793
656.25	236.6205293765092
656.5	236.1122243651186
656.75	235.60514597391384
657.	235.09929091805193
657.25	234.59465592233792
657.5	234.09123772131377
657.75	233.58903305928285
658.	233.0880386901283
658.25	232.58825137726785
658.5	232.08966789367832
658.75	231.59228502438626
659.	231.09609956748812
659.25	230.60110833085977
659.5	230.1073081318666
659.75	229.61469579733114
660.	229.123268163501
660.25	228.63302207601654
660.5	228.14395438987933
660.75	227.65606196941997
661.	227.16934168826674
661.25	226.68379042931375
661.5	226.19940508468937
661.75	225.71618255572494
662.	225.23411975227248
662.25	224.75321359127284
662.5	224.2734609984064
662.75	223.7948589084736
663.	223.31740426536393
663.25	222.8410940220261
663.5	222.36592514043645
663.75	221.8918945915692
664.	221.41899935536577
664.25	220.94723642071196
664.5	220.47660278595146
664.75	220.0070954592151
665.	219.53871145754076
665.25	219.07144780675472
665.5	218.60530154144234
665.75	218.1402697049181
666.	217.67634934919664
666.25	217.2135375349638
666.5	216.75183133154667
666.75	216.291227816884
667.	215.8317240774949
667.25	215.37331720845313
667.5	214.9160043133594
667.75	214.45978250431241
668.	214.0046489018804
668.25	213.55060063507284
668.5	213.09763484131207
668.75	212.6457486664011
669.	212.1949392644333
669.25	211.7452037977801
669.5	211.29653943711725
669.75	210.84894336139914
670.	210.4024127578306
670.25	209.95694482183927
670.5	209.51253675704865
670.75	209.06918577525
671.	208.62688909637512
671.25	208.18564394844523
671.5	207.74544756735185
671.75	207.3062971969391
672.	206.8681900890928
672.25	206.43112350371425
672.5	205.9950947086939
672.75	205.56010097988434
673.	205.12613960107382
673.25	204.69320786395988
673.5	204.2613030681229
673.75	203.83042252099958
674.	203.40056353785704
674.25	202.9717234417663
674.5	202.5438995635762
674.75	202.11708924188477
675.	201.69128982301575
675.25	201.2664986609939
675.5	200.8427131175189
675.75	200.41993056193988
676.	199.99814837123026
676.25	199.57736392996173
676.5	199.15757463027947
676.75	198.7387778718765
677.	198.32097106196878
677.25	197.90415161527014
677.5	197.48831695396697
677.75	197.07346450769387
678.	196.65959171350826
678.25	196.24669601586615
678.5	195.8347748665972
678.75	195.42382572488017
679.	195.01384605721864
679.25	194.60483333741635
679.5	194.19678504655315
679.75	193.78969867296075
680.	193.3835717121966
680.25	192.97840166698836
680.5	192.5741860472152
680.75	192.17092236991368
681.	191.76860815925528
681.25	191.36724094652277
681.5	190.96681827008624
681.75	190.56733767538003
682.	190.1687967148786
682.25	189.77119294807298
682.5	189.37452394144597
682.75	188.97878726845062
683.	188.5839805094876
683.25	188.19010125188186
683.5	187.7971470898601
683.75	187.4051156245272
684.	187.014004463844
684.25	186.62381122260427
684.5	186.2345335224116
684.75	185.84616899165772
685.	185.45871526549908
685.25	185.07216998583493
685.5	184.68653080128462
685.75	184.30179536716543
686.	183.91796134547047
686.25	183.53502640484618
686.5	183.15298822057076
686.75	182.77184447453152
687.	182.39159285520356
687.25	182.01223105762753
687.5	181.633756783308
687.75	181.2561677398126
688.	180.8794616410611
688.25	180.50363620747387
688.5	180.1286891659504
688.75	179.75461824984833
689.	179.3814211989618
689.25	179.0090957595002
689.5	178.63763968406715
689.75	178.26705073163922
690.	177.89732666754503
690.25	177.52846526344422
690.5	177.1604642973064
690.75	176.79332155339065
691.	176.42703482222444
691.25	176.0616019005618
691.5	175.69702059134303
691.75	175.33328870371295
692.	174.9704040530057
692.25	174.60836446072446
692.5	174.24716775452117
692.75	173.88681176817576
693.	173.52729434157658
693.25	173.16861332069993
693.5	172.81076655758991
693.75	172.4537519103388
694.	172.09756724306683
694.25	171.74221042590224
694.5	171.387679334962
694.75	171.03397185233126
695.	170.6810858660445
695.25	170.32901927006557
695.5	169.97776996426805
695.75	169.627335854416
696.	169.2777148521445
696.25	168.92890487494026
696.5	168.58090384612257
696.75	168.23370969482377
697.	167.8873203559703
697.25	167.54173377026385
697.5	167.19694788416209
697.75	166.8529606498608
698.	166.50977002527404
698.25	166.1673739740155
698.5	165.82577046537986
698.75	165.48495747432406
699.	165.14493298144862
699.25	164.80569497297896
699.5	164.46724144074724
699.75	164.12957038217363
700.	163.792679800248
700.25	163.45656770351178
700.5	163.12123210603934
700.75	162.78667102742028
701.	162.45288249274088
701.25	162.1198645325663
701.5	161.78761518292245
701.75	161.45613248527803
702.	161.12541448652505
702.25	160.79545923893946
702.5	160.46626480017176
702.75	160.13782923327003
703.	159.81015060680545
703.25	159.483226994781
703.5	159.15705647655523
703.75	158.83163713682484
704.	158.5069670656069
704.25	158.18304435822182
704.5	157.85986711527593
704.75	157.53743344264416
705.	157.21574145145246
705.25	156.89478925806074
705.5	156.57457498404625
705.75	156.25509675618673
706.	155.93635270644333
706.25	155.61834097194404
706.5	155.3010596949664
706.75	154.984507022921
707.	154.66868110833488
707.25	154.3535801088346
707.5	154.03920218712972
707.75	153.72554551101013
708.	153.41260825384046
708.25	153.10038859471717
708.5	152.7888847178555
708.75	152.4780948125312
709.	152.16801707306428
709.25	151.85864969880333
709.5	151.54999089410967
709.75	151.24203886834135
710.	150.93479183583767
710.25	150.62824801590315
710.5	150.32240563279188
710.75	150.01726291569233
711.	149.71281809871118
711.25	149.40906942085823
711.5	149.1060151260309
711.75	148.80365346299843
712.	148.50198268538716
712.25	148.20100105166455
712.5	147.9007068251236
712.75	147.60109827386697
713.	147.30217367077685
713.25	147.0039312935079
713.5	146.70636942448152
713.75	146.40948635087105
714.	146.11328036458673
714.25	145.81774976226103
714.5	145.5228928452335
714.75	145.22870791953594
715.	144.93519329587795
715.25	144.64234728963177
715.5	144.35016822081812
715.75	144.05865441409105
716.	143.76780419872367
716.25	143.47761590859358
716.5	143.1880878821682
716.75	142.8992184624907
717.	142.61100599716508
717.25	142.3234488383425
717.5	142.03654534270632
717.75	141.75029387145838
718.	141.46469279030413
718.25	141.17974046943937
718.5	140.89543528353528
718.75	140.61177561172624
719.	140.32875983761886
719.25	140.04638634928415
719.5	139.76465353922669
719.75	139.48355980436924
720.	139.20310354603998
720.25	138.923283169958
720.5	138.6440970862201
720.75	138.36554370928684
721.	138.08762145796902
721.25	137.81032875541408
721.5	137.53366402909217
721.75	137.25762571078323
722.	136.982212236563
722.25	136.70742204678967
722.5	136.43325358609079
722.75	136.1597053033496
723.	135.8867756516916
723.25	135.61446308847167
723.5	135.34276607525118
723.75	135.07168307778304
724.	134.8012125660101
724.25	134.53135301405274
724.5	134.26210290019614
724.75	133.9934607068766
725.	133.7254249206674
725.25	133.4579940321089
725.5	133.19116653558353
725.75	132.9249409295559
726.	132.6593157165877
726.25	132.39428940332544
726.5	132.129860500487
726.75	131.86602752284978
727.	131.60278898923707
727.25	131.3401434225062
727.5	131.07808934953565
727.75	130.8166253012129
728.	130.55574981242154
728.25	130.29546142202935
728.5	130.03575867287694
728.75	129.77664011192175
729.	129.51810429038457
729.25	129.26014976349535
729.5	129.0027750904505
729.75	128.74597883440026
730.	128.4897595624366
730.25	128.23411584558124
730.5	127.97904625877362
730.75	127.72454938085862
731.	127.4706237945748
731.25	127.2172680865423
731.5	126.96448084725093
731.75	126.7122606710483
732.	126.46060615612805
732.25	126.20951590451794
732.5	125.95898852206817
732.75	125.70902261843948
733.	125.45961680709148
733.25	125.21076970527137
733.5	124.96247993400182
733.75	124.71474611806855
734.	124.46756688596265
734.25	124.2209408696868
734.5	123.97486670490062
734.75	123.72934303099404
735.	123.48436849107595
735.25	123.23994173196273
735.5	122.99606140416704
735.75	122.75272616188624
736.	122.50993466299163
736.25	122.26768556901678
736.5	122.02597754514646
736.75	121.78480926020559
737.	121.54417938664801
737.25	121.30408660054557
737.5	121.06452958157678
737.75	120.82550701301594
738.	120.58701758172236
738.25	120.34905997812922
738.5	120.11163289623241
738.75	119.87473503358015
739.	119.63836509126202
739.25	119.40252177389777
739.5	119.167203789627
739.75	118.93240985009814
740.	118.69813867045795
740.25	118.46438896934067
740.5	118.2311594688576
740.75	117.9984488945861
741.	117.76625597555939
741.25	117.53457944425585
741.5	117.30341803658844
741.75	117.07277049189439
742.	116.84263555292476
742.25	116.6130119658338
742.5	116.38389848016902
742.75	116.15529384886038
743.	115.92719682821028
743.25	115.69960617788323
743.5	115.4725206608954
743.75	115.24593904360476
744.	115.01986009570012
744.25	114.79428259018559
744.5	114.56920530337193
744.75	114.34462701487158
745.	114.12054650758836
745.25	113.89696256770792
745.5	113.67387398468725
745.75	113.45127955124515
746.	113.22917806335194
746.25	113.0075683202199
746.5	112.78644912429299
746.75	112.56581928123357
747.	112.34567759978705
747.25	112.12602289174751
747.5	111.90685397209907
747.75	111.68816965901563
748.	111.46996877385139
748.25	111.25225014113101
748.5	111.03501258853998
748.75	110.81825494691373
749.	110.60197605018072
749.25	110.38617473534677
749.5	110.1708498425407
749.75	109.95600021500842
750.	109.74162469910306
750.25	109.52772214427617
750.5	109.3142914030678
750.75	109.10133133109738
751.	108.88884078705449
751.25	108.6768186326894
751.5	108.46526373280388
751.75	108.25417495524184
752.	108.04355117088049
752.25	107.83339125362068
752.5	107.62369408037806
752.75	107.41445853107398
753.	107.20568348862605
753.25	106.99736783893964
753.5	106.78951047089824
753.75	106.58211027635163
754.	106.37516614980777
754.25	106.16867698818942
754.5	105.96264169130505
754.75	105.75705916189993
755.	105.55192830564809
755.25	105.34724803114388
755.5	105.14301724989298
755.75	104.93923487630389
756.	104.7358998276793
756.25	104.53301102420723
756.5	104.33056738895274
756.75	104.12856784784907
757.	103.92701132968921
757.25	103.72589676611732
757.5	103.52522309162033
757.75	103.32498924351931
758.	103.12519416196115
758.25	102.92583678990997
758.5	102.72691607313887
758.75	102.5284309602215
759.	102.33038040252372
759.25	102.13276335419522
759.5	101.93557877216139
759.75	101.73882561608477
760.	101.54250284798894
760.25	101.34660943237205
760.5	101.15114433647982
760.75	100.95610653030393
761.	100.76149498657328
761.25	100.56730868074645
761.5	100.37354659100322
761.75	100.18020769823674
762.	99.98729098604531
762.25	99.7947954407245
762.5	99.60272005125908
762.75	99.41106380931515
763.	99.21982570923203
763.25	99.02900474801439
763.5	98.83859992531306
763.75	98.6486102434005
764.	98.45903470718801
764.25	98.26987232422134
764.5	98.0811221046705
764.75	97.89278306132502
765.	97.70485420958673
765.25	97.5173345674621
765.5	97.33022315555463
765.75	97.14351899705696
766.	96.95722111774346
766.25	96.77132854596243
766.5	96.58584031262848
766.75	96.40075545121522
767.	96.21607299774718
767.25	96.03179199079277
767.5	95.84791147145656
767.75	95.66443048337169
768.	95.48134807264408
768.25	95.29866328770993
768.5	95.11637517947344
768.75	94.93448280134406
769.	94.75298520922946
769.25	94.57188146152797
769.5	94.39117061912116
769.75	94.21085174536667
770.	94.0309239060909
770.25	93.85138616958173
770.5	93.67223760658135
770.75	93.49347729027872
771.	93.31510429630295
771.25	93.13711770271549
771.5	92.95951659000342
771.75	92.78230004107209
772.	92.60546714123821
772.25	92.42901697822239
772.5	92.25294864214256
772.75	92.07726122550645
773.	91.90195382320488
773.25	91.72702553250468
773.5	91.55247545304162
773.75	91.37830268681347
774.	91.20450633817303
774.25	91.0310855138191
774.5	90.85803932279002
774.75	90.68536687645872
775.	90.51306728852586
775.25	90.34113967501297
775.5	90.16958315425573
775.75	89.99839684689701
776.	89.82757987588019
776.25	89.65713136644244
776.5	89.48705044610793
776.75	89.31733624468109
777.	89.14798789424005
777.25	88.97900452912968
777.5	88.81038528595523
777.75	88.6421293035756
778.	88.47423572309668
778.25	88.30670368786468
778.5	88.1395323434598
778.75	87.97272083768945
779.	87.8062683205818
779.25	87.6401739443792
779.5	87.47443686353185
779.75	87.3090562346911
780.	87.14403121670318
780.25	86.97936097060258
780.5	86.81504465960587
780.75	86.65108144910505
781.	86.48747050666132
781.25	86.32421100199868
781.5	86.16130210699762
781.75	85.99874299568866
782.	85.8365328442463
782.25	85.67467083098246
782.5	85.51315613634041
782.75	85.35198794288843
783.	85.19116543531356
783.25	85.03068780041556
783.5	84.8705542271004
783.75	84.71076390637438
784.	84.55131603133611
784.25	84.39220979717098
784.5	84.23344440114623
784.75	84.07501904260515
785.	83.91693292296061
785.25	83.75918524568944
785.5	83.60177521632602
785.75	83.44470204245644
786.	83.28796493371249
786.25	83.13156310176564
786.5	82.9754957603209
786.75	82.81976212511125
787.	82.66436141389134
787.25	82.50929284643178
787.5	82.35455564451306
787.75	82.20014903191993
788.	82.0460722344353
788.25	81.8923244798344
788.5	81.73890499787682
788.75	81.58581302028863
789.	81.43304778076602
789.25	81.2806085149748
789.5	81.12849446054481
789.75	80.97670485700567
790.	80.82523894553648
790.25	80.67409596917008
790.5	80.52327517288782
790.75	80.37277580361403
791.	80.22259711021029
791.25	80.0727383434697
791.5	79.9231987561115
791.75	79.77397760278257
792.	79.62507414009647
792.25	79.47648762660239
792.5	79.32821732275893
792.75	79.18026249092846
793.	79.0326223953716
793.25	78.88529630217653
793.5	78.73828347881985
793.75	78.5915831944298
794.	78.44519472001063
794.25	78.29911732843868
794.5	78.15335029445694
794.75	78.00789289466988
795.	77.86274440753792
795.25	77.71790411337207
795.5	77.57337129432878
795.75	77.42914523440449
796.	77.28522521943039
796.25	77.1416105370671
796.5	76.9983004767994
796.75	76.8552943299312
797.	76.71259138957997
797.25	76.57019095063296
797.5	76.42809230946793
797.75	76.28629476411133
798.	76.14479761438409
798.25	76.00360016189754
798.5	75.86270171004846
798.75	75.72210156401373
799.	75.58179903074557
799.25	75.44179341896633
799.5	75.3020840391634
799.75	75.16267020358448
800.	75.02355122623224
800.25	74.88472642285957
800.5	74.74619511096448
800.75	74.60795660978525
801.	74.47001024029547
801.25	74.33235532519905
801.5	74.19499118892533
801.75	74.05791715762423
802.	73.92113255916138
802.25	73.7846367231132
802.5	73.64842898076195
802.75	73.51250866509115
803.	73.37687511078026
803.25	73.24152765419902
803.5	73.1064656334037
803.75	72.97168838813259
804.	72.83719525980106
804.25	72.70298559149715
804.5	72.56905872797645
804.75	72.43541401565761
805.	72.30205080261759
805.25	72.16896843858687
805.5	72.03616627494326
805.75	71.90364366468775
806.	71.77139996244779
806.25	71.63943452448663
806.5	71.50774670869932
806.75	71.37633587460786
807.	71.24520138335663
807.25	71.11434259770793
807.5	70.98375888203724
807.75	70.85344960232878
808.	70.72341412617088
808.25	70.59365182275143
808.5	70.46416206284346
808.75	70.33494421873708
809.	70.2059976642779
809.25	70.07732177489571
809.5	69.94891592760035
809.75	69.8207795009772
810.	69.69291187518267
810.25	69.56531243193994
810.5	69.43798055453432
810.75	69.31091562780892
811.	69.18411703816041
811.25	69.05758417353442
811.5	68.93131642342132
811.75	68.8053131788517
812.	68.6795738323923
812.25	68.55409777814128
812.5	68.42888441172383
812.75	68.30393313028735
813.	68.17924333249809
813.25	68.05481441853674
813.5	67.93064579009426
813.75	67.80673685036771
814.	67.68308700405575
814.25	67.55969565735465
814.5	67.43656221795393
814.75	67.31368609503221
815.	67.19106669925307
815.25	67.06870344276065
815.5	66.94659573917582
815.75	66.82474300359166
816.	66.70314465256958
816.25	66.58180010413506
816.5	66.4607087777735
816.75	66.3398700944263
817.	66.21928347648644
817.25	66.0989483477947
817.5	65.97886413363543
817.75	65.85903026073247
818.	65.73944615724521
818.25	65.62011125276437
818.5	65.50102497830821
818.75	65.38218676631827
819.	65.26359605065527
819.25	65.14525226658644
819.5	65.02715485077927
819.75	64.90930324130869
820.	64.79169687765382
820.25	64.67433520069417
820.5	64.55721765270556
820.75	64.44034367735627
821.	64.32371271970305
821.25	64.20732422618742
821.5	64.09117764463141
821.75	63.975272424233836
822.	63.85960801556568
822.25	63.74418387056711
822.5	63.62899944254362
822.75	63.514054186162205
823.	63.399347557447506
823.25	63.28487901377802
823.5	63.17064801388223
823.75	63.056654017834994
824.	62.94289648705358
824.25	62.829374884293955
824.5	62.716088673646986
824.75	62.603037320534824
825.	62.490220291707
825.25	62.3776370552368
825.5	62.26528708051751
825.75	62.15316983825871
826.	62.04128480048259
826.25	61.92963144052032
826.5	61.81820923300816
826.75	61.70701765388414
827.	61.59605618038405
827.25	61.48532429103811
827.5	61.374821465667026
827.75	61.264547185378646
828.	61.15450093255319
828.25	61.04468219072514
828.5	60.935090444629076
828.75	60.825725180276436
829.	60.716585884953275
829.25	60.60767204721669
829.5	60.49898315689122
829.75	60.39051870506545
830.	60.282278184088334
830.25	60.17426108756571
830.5	60.06646691035689
830.75	59.95889514857105
831.	59.851545299563746
831.25	59.744416861933566
831.5	59.637509335518466
831.75	59.53082222139246
832.	59.424355021862105
832.25	59.31810724046309
832.5	59.212078381953035
832.75	59.106267952298566
833.	59.00067545868299
833.25	58.895300409505765
833.5	58.79014231437921
833.75	58.685200684125086
834.	58.58047503077129
834.25	58.47596486754834
834.5	58.37166970888625
834.75	58.26758907041096
835.	58.16372246894115
835.25	58.06006942248486
835.5	57.956629450236214
835.75	57.853402072571996
836.	57.75038681104857
836.25	57.64758318839838
836.5	57.54499072852679
836.75	57.442608956508764
837.	57.340437398585664
837.25	57.23847558216198
837.5	57.136723035801985
837.75	57.03517928922671
838.	56.93384387331054
838.25	56.8327163200781
838.5	56.73179616270097
838.75	56.63108293549464
839.	56.53057617391508
839.25	56.430275414555865
839.5	56.330180195144735
839.75	56.230290054540625
840.	56.13060453273042
840.25	56.03112317082612
840.5	55.93184551106136
840.75	55.832771096788576
841.	55.73389947247561
841.25	55.635230183702824
841.5	55.536762777159836
841.75	55.43849680064256
842.	55.34043180305007
842.25	55.242567334381455
842.5	55.144902945732944
842.75	55.04743818929468
843.	54.95017261834774
843.25	54.85310578726111
843.5	54.75623725148866
843.75	54.65956656756605
844.	54.563093293107876
844.25	54.46681698680449
844.5	54.370737208419094
844.75	54.274853518784816
845.	54.17916547980159
845.25	54.083672654433336
845.5	53.988374606704575
845.75	53.89327090169168
846.	53.79836110552058
846.25	53.7036447853696
846.5	53.60912150948566
846.75	53.51479084721476
847.	53.420652368962706
847.25	53.32670564618505
847.5	53.23295025138424
847.75	53.139385758106684
848.	53.04601174093996
848.25	52.95282777550981
848.5	52.85983343847746
848.75	52.76702830753654
849.	52.67441196141038
849.25	52.58198397984886
849.5	52.48974394362588
849.75	52.397691434536604
850.	52.305826035394574
850.25	52.214147330028915
850.5	52.122654903281614
850.75	52.03134834100464
851.	51.94022723005725
851.25	51.84929115830312
851.5	51.75853971460768
851.75	51.66797248883524
852.	51.57758907184638
852.25	51.48666527642397
852.5	51.39365692253124
852.75	51.30083296238173
853.	51.20819299575531
853.25	51.11573662338154
853.5	51.02346344693966
853.75	50.931373069055894
854.	50.83946509330091
854.25	50.74773912418728
854.5	50.65619476716696
854.75	50.56483162862874
855.	50.473649315895635
855.25	50.38264743722245
855.5	50.29182560179329
855.75	50.20118341971893
856.	50.11072050203435
856.25	50.02043646069634
856.5	49.93033090858089
856.75	49.84040345948075
857.	49.75065372810291
857.25	49.6610813300663
857.5	49.571685881899036
857.75	49.482467001036206
858.	49.39342430581723
858.25	49.30455741548333
858.5	49.21586595017459
858.75	49.12734953092254
859.	49.039007779651115
859.25	48.95084031917696
859.5	48.86284677320691
859.75	48.77502676633572
860.	48.68737992404354
860.25	48.59990587269361
860.5	48.51260423952984
860.75	48.42547465267448
861.	48.33851674112568
861.25	48.251730134755185
861.5	48.165114464305965
861.75	48.07866936138981
862.	47.99239445848509
862.25	47.90628938893432
862.5	47.82035378694191
862.75	47.7345872875718
863.	47.64898952674508
863.25	47.563560141237865
863.5	47.478298768678755
863.75	47.39320504754668
864.	47.30827861716863
864.25	47.22351911771724
864.5	47.13892619020864
864.75	47.05449947650011
865.	46.97023861928782
865.25	46.88614326210459
865.5	46.80221304931763
865.75	46.718447626127045
866.	46.63484663857142
866.25	46.551409733524345
866.5	46.46813655868829
866.75	46.38502676259221
867.	46.30207999458926
867.25	46.21929590485477
867.5	46.13667414438396
867.75	46.05421436498975
868.	45.971916219300645
868.25	45.88977936075843
868.5	45.807803443616095
868.75	45.7259881229356
869.	45.64433305458568
869.25	45.5628378952398
869.5	45.481502302373826
869.75	45.40032593426407
870.	45.31930844998493
870.25	45.23844950940695
870.5	45.15774877319453
870.75	45.07720590280392
871.	44.99682056048095
871.25	44.91659240925844
871.5	44.83652111295034
871.75	44.756606336152515
872.	44.67684774424232
872.25	44.59724500337655
872.5	44.51779778048931
872.75	44.4385057432899
873.	44.359368560260826
873.25	44.28038590065508
873.5	44.20155743444613
873.75	44.122882832291054
874.	44.044361765605764
874.25	43.96599390657169
874.5	43.88777892813363
874.75	43.80971650399776
875.	43.731806308629594
875.25	43.654048017252
875.5	43.57644130584302
875.75	43.498985851134
876.	43.42168133060755
876.25	43.34452742249553
876.5	43.267523805777095
876.75	43.1906701601767
877.	43.1139661661621
877.25	43.037411504942334
877.5	42.96100585846655
877.75	42.88474890945307
878.	42.80864034140094
878.25	42.73267983855166
878.5	42.656867085884514
878.75	42.58120176911474
879.	42.50568357469146
879.25	42.43031218979587
879.5	42.35508730233936
879.75	42.280008600961544
880.	42.205075775028355
880.25	42.13028851463028
880.5	42.05564651058031
880.75	41.98114945441222
881.	41.906797038378556
881.25	41.83258895544888
881.5	41.75852489930784
881.75	41.6846045643533
882.	41.610827645694584
882.25	41.5371938391505
882.5	41.46370284124756
882.75	41.39035434921817
883.	41.31714806099875
883.25	41.244083675227905
883.5	41.17116089124464
883.75	41.09837940908629
884.	41.02573892948003
884.25	40.953239153787955
884.5	40.880879784025794
884.75	40.80866052290276
885.	40.736581073820695
885.25	40.66464114087223
885.5	40.59284042883901
885.75	40.52117864319
886.	40.44965549007962
886.25	40.37827067634594
886.5	40.30702390950902
886.75	40.23591489776912
887.	40.16494335000486
887.25	40.09410897577157
887.5	40.02341148529946
887.75	39.95285058949196
888.	39.88242599992393
888.25	39.812137428839875
888.5	39.74198458915236
888.75	39.671967194440136
889.	39.60208495894649
889.25	39.532337597577545
889.5	39.4627248259005
889.75	39.39324636014197
890.	39.323901917186255
890.25	39.2546912145736
890.5	39.18561397049861
890.75	39.11666990380851
891.	39.04785873400137
891.25	38.97918018122458
891.5	38.91063396627309
891.75	38.84221981058773
892.	38.77393743625356
892.25	38.70578656599821
892.5	38.63776692319024
892.75	38.56987823183745
893.	38.50212021658522
893.25	38.43449260271488
893.5	38.366995116142135
893.75	38.29962748341533
894.	38.23238943171389
894.25	38.165280688846686
894.5	38.09830098325038
894.75	38.03145004398781
895.	37.96472760074642
895.25	37.89813338383658
895.5	37.83166712419004
895.75	37.76532855335832
896.	37.69911740351103
896.25	37.63303340743365
896.5	37.56707629852445
896.75	37.50124581079494
897.	37.435541678868525
897.25	37.36996363797898
897.5	37.30451142396884
897.75	37.23918477328794
898.	37.17398342299168
898.25	37.108907110739665
898.5	37.04395557479394
898.75	36.97912855401762
899.	36.914425787873185
899.25	36.84984701642107
899.5	36.785391980313655
899.75	36.72106042074576
900.	36.65685207947224
900.25	36.59276669884083
900.5	36.528804021791245
900.75	36.46496379185365
901.	36.401245753147116
901.25	36.3376496503782
901.5	36.27417522883931
901.75	36.21082223440733
902.	36.14759041353538
902.25	36.08447951323486
902.5	36.021489281092684
902.75	35.95861946527527
903.	35.89586981452691
903.25	35.83324007816839
903.5	35.77073000609541
903.75	35.70833934877726
904.	35.646067857255225
904.25	35.583915283141124
904.5	35.52188137861597
904.75	35.45996589642839
905.	35.39816858989321
905.25	35.336489212890044
905.5	35.27492751986177
905.75	35.21348326581319
906.	35.15215620630949
906.25	35.090946097474905
906.5	35.02985269599121
906.75	34.968875759096335
907.	34.90801504458291
907.25	34.84727031079691
907.5	34.78664131663613
907.75	34.726127821548936
908.	34.66572958554074
908.25	34.6054463692317
908.5	34.545277933819385
908.75	34.485224041043104
909.	34.42528445318378
909.25	34.365458933062584
909.5	34.30574724403965
909.75	34.2461491500127
910.	34.186664415415564
910.25	34.12729280521698
910.5	34.068034084919155
910.75	34.00888802055638
911.	33.94985437869374
911.25	33.89093292642573
911.5	33.8321234313749
911.75	33.773425661690574
912.	33.714839386047416
912.25	33.65636437364415
912.5	33.59800039420226
912.75	33.53974721796458
913.	33.48160461569403
913.25	33.42357235867229
913.5	33.36565021869842
913.75	33.30783796808766
914.	33.25013537967001
914.25	33.19254222678896
914.5	33.135058283300204
914.75	33.07768332357033
915.	33.02041712247511
915.25	32.963259455360685
915.5	32.906210098011165
915.75	32.84926882670985
916.	32.79243541824535
916.25	32.73570964991035
916.5	32.67909129950036
916.75	32.6225801453124
917.	32.56617596614374
917.25	32.50987854129072
917.5	32.45368765054741
917.75	32.3976030742044
918.	32.341624593047555
918.25	32.28575198835672
918.5	32.22998504190459
918.75	32.17432353595534
919.	32.118767253263485
919.25	32.0633159770726
919.5	32.007969491112554
919.75	31.95272757958979
920.	31.89759002719254
920.25	31.84255661909361
920.5	31.787627140948885
920.75	31.732801378895324
921.	31.678079119550755
921.25	31.623460150012825
921.5	31.56894425785784
921.75	31.514531231139564
922.	31.460220858387967
922.25	31.4060129286081
922.5	31.351907231278858
922.75	31.297903556351816
923.	31.24400169425004
923.25	31.19020143586688
923.5	31.136502572564847
923.75	31.082904896174387
924.	31.029408198992726
924.25	30.976012273782686
924.5	30.922716913771573
924.75	30.86952191264992
925.	30.816427064556752
925.25	30.763432164035812
925.5	30.710537006077434
925.75	30.65774138613225
926.	30.60504510011004
926.25	30.552447944378613
926.5	30.49994971576263
926.75	30.447550211542456
927.	30.395249229453096
927.25	30.343046567683004
927.5	30.290942024872912
927.75	30.2389354001148
928.	30.18702649295071
928.25	30.135215103371635
928.5	30.083501031816393
928.75	30.031884079170528
929.	29.98036404676518
929.25	29.928940736376003
929.5	29.877613950222006
929.75	29.826383490964503
930.	29.775249161705947
930.25	29.724210765988918
930.5	29.67326810779497
930.75	29.622420991543496
931.	29.571669222090733
931.25	29.521012604728632
931.5	29.47045094518373
931.75	29.419984049616122
932.	29.36961172461837
932.25	29.319333777214382
932.5	29.269150014857793
932.75	29.21906024543094
933.	29.169064277244416
933.25	29.119161919035918
933.5	29.069352979969242
933.75	29.01963726963321
934.	28.970014598040642
934.25	28.920484775627212
934.5	28.871047613250518
934.75	28.82170292218892
935.	28.77245051414057
935.25	28.723290201222316
935.5	28.674221795968705
935.75	28.625245111330905
936.	28.576359960675674
936.25	28.527566157784364
936.5	28.47886351685183
936.75	28.430251852485444
937.	28.381730979704052
937.25	28.333300713936975
937.5	28.28496087102291
937.75	28.236711267209042
938.	28.188551719149896
938.25	28.140482043906406
938.5	28.092502058944863
938.75	28.044611582135957
939.	27.99681043175368
939.25	27.949098426474446
939.5	27.901475385375967
939.75	27.853941127936338
940.	27.806495474033007
940.25	27.759138243941802
940.5	27.711869258335923
940.75	27.66468833828494
941.	27.617595305253847
941.25	27.57058998110205
941.5	27.523672188082397
941.75	27.476841748840187
942.	27.430098486412223
942.25	27.383442224225792
942.5	27.336872786097764
942.75	27.290389996233536
943.	27.243993679226136
943.25	27.197683660055233
943.5	27.15145976408619
943.75	27.105321817069044
944.	27.05926964513764
944.25	27.013303074808118
944.5	26.967421932978105
944.75	26.921626046926203
945.	26.875915244310978
945.25	26.830289353170098
945.5	26.784748201919335
945.75	26.739291619351626
946.	26.69391943463617
946.25	26.648631477317473
946.5	26.603427577314402
946.75	26.55830756491931
947.	26.51327127079725
947.25	26.46831852601598
947.5	26.423449162075485
947.75	26.378663010853714
948.	26.333959904598522
948.25	26.289339675926787
948.5	26.244802157823468
948.75	26.200347183640673
949.	26.15597458709683
949.25	26.1116842022757
949.5	26.067475863625504
949.75	26.02334940595671
950.	25.979304664437638
950.25	25.935341474597486
950.5	25.891459672326413
950.75	25.847659093874732
951.	25.803939575851974
951.25	25.760300955210916
951.5	25.716743069213024
951.75	25.673265755467042
952.	25.629868851938003
952.25	25.58655219694644
952.5	25.543315629167424
952.75	25.500158987629774
953.	25.457082111715177
953.25	25.41408484115725
953.5	25.371167016040914
953.75	25.328328476808046
954.	25.285569064261352
954.25	25.242888619554357
954.5	25.20028698418965
954.75	25.15776400001807
955.	25.115319509237814
955.25	25.072953354393622
955.5	25.030665378375897
955.75	24.988455424419712
956.	24.946323336103696
956.25	24.904268957349604
956.5	24.862292132421555
956.75	24.82039270592519
957.	24.778570522806824
957.25	24.73682542835265
957.5	24.695157268187888
957.75	24.653565888275963
958.	24.6120511349177
958.25	24.570612854750433
958.5	24.529250894747303
958.75	24.48796510221633
959.	24.44675532479965
959.25	24.405621410472694
959.5	24.364563207543384
959.75	24.32358056465128
960.	24.28267333076685
960.25	24.24184135519525
960.5	24.201084487608718
960.75	24.16040257802566
961.	24.11979547679119
961.25	24.0792630345762
961.5	24.038805102376593
961.75	23.998421531512463
962.	23.958112173627335
962.25	23.917876880687377
962.5	23.87771550498061
962.75	23.837627899116153
963.	23.797613916023383
963.25	23.757673408951245
963.5	23.717806231467407
963.75	23.67801223745753
964.	23.63829128112447
964.25	23.598643216987544
964.5	23.5590678998817
964.75	23.519565184956853
965.	23.480134927677007
965.25	23.440776983819585
965.5	23.401491209474628
965.75	23.362277461044048
966.	23.323135595240853
966.25	23.28406546908843
966.5	23.245066939919777
966.75	23.20613986537673
967.	23.167284103409248
967.25	23.12849951227445
967.5	23.08978595053577
967.75	23.051143277062522
968.	23.01257135102919
968.25	22.97407003191468
968.5	22.935639179501564
968.75	22.897278653875393
969.	22.858988315423925
969.25	22.820768024836394
969.5	22.78261764310281
969.75	22.744537031513204
970.	22.7065260516569
970.25	22.668584565420613
970.5	22.630712434981834
970.75	22.592909522812818
971.	22.555175691682585
971.25	22.517510804656148
971.5	22.47991472509386
971.75	22.44238731665069
972.	22.404928443275466
972.25	22.36753796921022
972.5	22.330215758989443
972.75	22.2929616774394
973.	22.255775589677405
973.25	22.21865736111113
973.5	22.18160685743792
973.75	22.14462394464273
974.	22.10770848897893
974.25	22.070860356972656
974.5	22.034079415437247
974.75	21.997365531472955
975.	21.960718572466263
975.25	21.92413840608921
975.5	21.887624900298672
975.75	21.85117792333569
976.	21.814797343724813
976.25	21.778483030273364
976.5	21.7422348520708
976.75	21.706052678488035
977.	21.669936379176708
977.25	21.633885824068585
977.5	21.597900883374813
977.75	21.56198142758533
978.	21.526127327468096
978.25	21.490338454068507
978.5	21.454614678708587
978.75	21.41895587298621
979.	21.383361908774578
979.25	21.347832658221687
979.5	21.31236799374961
979.75	21.276967788053867
980.	21.241631914102765
980.25	21.206360245136718
980.5	21.171152654667644
980.75	21.136009016478248
981.	21.100929204621412
981.25	21.06591309341955
981.5	21.030960557463924
981.75	20.996071471614037
982.	20.96124571099696
982.25	20.926483151006693
982.5	20.891783667303535
982.75	20.85714713581344
983.	20.822573432727374
983.25	20.78806243450067
983.5	20.753614017852417
983.75	20.719228059764802
984.	20.684904437482466
984.25	20.650643028511933
984.5	20.616443710620917
984.75	20.58230636183771
985.	20.548230860450577
985.25	20.514217085007118
985.5	20.48026491431363
985.75	20.446374227434507
986.	20.412544903691614
986.25	20.37877682266366
986.5	20.34506986418543
986.75	20.311423908343972
987.	20.27783883547839
987.25	20.24431452618225
987.5	20.210850861303115
987.75	20.177447721941903
988.	20.144104989452327
988.25	20.11082254544021
988.5	20.077600271762996
988.75	20.04443805052903
989.	20.011335764097012
989.25	19.978293295075392
989.5	19.94531052632178
989.75	19.91238734094221
990.	19.879523622290474
990.25	19.84671925396774
990.5	19.813974119821925
990.75	19.78128810394715
991.	19.74866109068312
991.25	19.716092964614564
991.5	19.68358361057059
991.75	19.65113291362418
992.	19.618740759091533
992.25	19.586407032531522
992.5	19.554131619745093
992.75	19.521914406774687
993.	19.48975527990369
993.25	19.457654125655793
993.5	19.425610830794465
993.75	19.393625282322375
994.	19.3616973674808
994.25	19.329826973749043
994.5	19.298013988843895
994.75	19.26625830071906
995.	19.234559797564547
995.25	19.20291836780615
995.5	19.171333900104855
995.75	19.13980628335628
996.	19.108335406690138
996.25	19.076921159469638
996.5	19.04556343129093
996.75	19.014262111982575
997.	18.983017091604957
997.25	18.95182826044843
997.5	18.92069550900271
997.75	18.88961872795657
998.	18.85859780822832
998.25	18.827632640966755
998.5	18.796723117550552
998.75	18.765869129587784
999.	18.735070568915326
999.25	18.704327327598318
999.5	18.673639297929643
999.75	18.64300637242937
1000.	18.612428443844205