5.	3.2697291926564102e10
5.25	3.0081970637530083e10
5.5	2.766131661216487e10
5.75	2.5538139882090508e10
6.	2.359575052868082e10
6.25	2.1803703564292824e10
6.5	2.0191094315794483e10
6.75	1.8744716401937283e10
7.	1.741622893399558e10
7.25	1.618856591528244e10
7.5	1.506984683136847e10
7.75	1.4068365138060043e10
8.	1.3146634479795942e10
8.25	1.229442335561658e10
8.5	1.1503117361273954e10
8.75	1.0774436645414131e10
9.	1.011994685660518e10
9.25	9.514504257231897e9
9.5	8.952557029672316e9
9.75	8.429331784955298e9
10.	7.940704547332753e9
10.25	7.483094801404592e9
10.5	7.071472420191368e9
10.75	6.688816543765939e9
11.	6.331780325957695e9
11.25	5.997877319279422e9
11.5	5.684920157266007e9
11.75	5.390978029711562e9
12.	5.114340698811823e9
12.25	4.8544982605866165e9
12.5	4.61815414706086e9
12.75	4.3963898180275e9
13.	4.1879526227538247e9
13.25	3.9917231613587303e9
13.5	3.8066981986671333e9
13.75	3.6319764862149734e9
14.	3.466746440358025e9
14.25	3.310275449373839e9
14.5	3.1619005408037043e9
14.75	3.0222538384902134e9
15.	2.8934476006905856e9
15.25	2.77161892974065e9
15.5	2.656255369175003e9
15.75	2.5468911189339027e9
16.	2.4431016839726734e9
16.25	2.34449955501185e9
16.5	2.250730403078742e9
16.75	2.1614696838113456e9
17.	2.0764196296083825e9
17.25	1.9953065661487656e9
17.5	1.9178785169286375e9
17.75	1.843903085351021e9
18.	1.7750579304113061e9
18.25	1.7098773960892718e9
18.5	1.6477354635715704e9
18.75	1.5884444579649503e9
19.	1.531830907481918e9
19.25	1.477734273409124e9
19.5	1.4260058105772421e9
19.75	1.3765075438265407e9
20.	1.3291113340759833e9
20.25	1.2836980362150626e9
20.5	1.2401567359095705e9
20.75	1.1983840535347497e9
21.	1.1582835123396022e9
21.25	1.1197649704636128e9
21.5	1.0827441037405558e9
21.75	1.0471419368091228e9
22.	1.0138615994334626e9
22.25	9.819875040381514e8
22.5	9.513860488410798e8
22.75	9.219912275979313e8
23.	8.937412075714557e8
23.25	8.665780167572168e8
23.5	8.404472598243487e8
23.75	8.152978565229234e8
24.	7.910817989876753e8
24.25	7.677539299166293e8
24.5	7.452717383586781e8
24.75	7.235951706349858e8
25.	7.026864551454343e8
25.25	6.825099417763387e8
25.5	6.630319552137977e8
25.75	6.442206590231376e8
26.	6.260459291948723e8
26.25	6.08479246998574e8
26.5	5.914937603176986e8
26.75	5.75064211589538e8
27.	5.593836082494774e8
27.25	5.444372952899202e8
27.5	5.299982196006899e8
27.75	5.1604439897034436e8
28.	5.025550052902872e8
28.25	4.895102934820291e8
28.5	4.768915346725523e8
28.75	4.64680953322582e8
29.	4.5286166901468563e8
29.25	4.414176424140686e8
29.5	4.303336244964132e8
29.75	4.195951089787063e8
30.	4.0918828765282595e8
30.25	3.991000088739536e8
30.5	3.8931773924979967e8
30.75	3.7982952776885444e8
31.	3.706239720064067e8
31.25	3.6169018631033385e8
31.5	3.530177725565804e8
31.75	3.445968252336421e8
32.	3.364179624326834e8
32.25	3.284722424443816e8
32.5	3.2075112873425967e8
32.75	3.132464681484319e8
33.	3.059504704082956e8
33.25	2.9885568881976104e8
33.5	2.9195500214329195e8
33.75	2.85399596155153e8
34.	2.790367828404141e8
34.25	2.728535537805286e8
34.5	2.6684353047752404e8
34.75	2.6100060629471025e8
35.	2.5531893262842342e8
35.25	2.4979290578577673e8
35.5	2.4441715454940093e8
35.75	2.3918652839066944e8
36.	2.3409608629541183e8
36.25	2.2914108620872694e8
36.5	2.2431697524271208e8
36.75	2.1961938041963142e8
37.	2.1504409987862167e8
37.25	2.1058709450736648e8
37.5	2.062444799913612e8
37.75	2.02012519280349e8
38.	1.9788761641640392e8
38.25	1.9386632867625698e8
38.5	1.8994536796303126e8
38.75	1.861215744786248e8
39.	1.8239190952723774e8
39.25	1.7875345001685157e8
39.5	1.752033832435745e8
39.75	1.7173900192954773e8
40.	1.6835769951867148e8
40.25	1.6505696570285058e8
40.5	1.61834382182082e8
40.75	1.5868761872174418e8
41.	1.5561442935900757e8
41.25	1.5261264868450758e8
41.5	1.496801883601105e8
41.75	1.4681503378668082e8
42.	1.4401524097142363e8
42.25	1.4128492484848824e8
42.5	1.3866783717897943e8
42.75	1.3611196576910487e8
43.	1.3361552902376336e8
43.25	1.3117680652728821e8
43.5	1.2879413642962617e8
43.75	1.2646591302698833e8
44.	1.2419058444285423e8
44.25	1.2196665041449766e8
44.5	1.1979266016847607e8
44.75	1.1766721038209656e8
45.	1.1558894323101321e8
45.25	1.1355654451803468e8
45.5	1.1156874191348334e8
45.75	1.0962430361163732e8
46.	1.0772204320054644e8
46.25	1.0586082065709324e8
46.5	1.0403953367256013e8
46.75	1.0225711572712943e8
47.	1.0051253471742992e8
47.25	9.880479164372559e7
47.5	9.713291935462435e7
47.75	9.549598134085384e7
48.	9.389307058355375e7
48.25	9.232330845087121e7
48.5	9.078584363803294e7
48.75	8.927985115902399e7
49.	8.780453140661508e7
49.25	8.635910923861834e7
49.5	8.49428330601553e7
49.75	8.355497396554923e7
50.	8.219482491556579e7
50.25	8.086169993787943e7
50.5	7.95549333799092e7
50.75	7.827387918508571e7
51.	7.701791018817754e7
51.25	7.578641744241737e7
51.5	7.457880956976795e7
51.75	7.339451213190912e7
52.	7.223296703067966e7
52.25	7.10936319173638e7
52.5	6.99759796537716e7
52.75	6.887949778627777e7
53.	6.780368804518515e7
53.25	6.674806585656073e7
53.5	6.571215987338231e7
53.75	6.4695511521684065e7
54.	6.371302478208541e7
54.25	6.27518124390483e7
54.5	6.180880033792857e7
54.75	6.088355979861857e7
55.	5.997567362456099e7
55.25	5.908473678987478e7
55.5	5.821035866902526e7
55.75	5.735216009000879e7
56.	5.650977231614798e7
56.25	5.568283670816444e7
56.5	5.487100439837277e7
56.75	5.407393597653838e7
57.	5.3291301188154586e7
57.25	5.2522778641887136e7
57.5	5.1768055527843095e7
57.75	5.102682734709652e7
58.	5.0298797650099635e7
58.25	4.958367778342065e7
58.5	4.888118664650267e7
58.75	4.81910504595113e7
59.	4.75130025494094e7
59.25	4.6846783131032504e7
59.5	4.619213908810289e7
59.75	4.554882376839518e7
60.	4.491659678747818e7
60.25	4.429522383594094e7
60.5	4.3684476492620684e7
60.75	4.308413205156892e7
61.	4.2493973350599036e7
61.25	4.19137886026938e7
61.5	4.1343371234908685e7
61.75	4.078251973188541e7
62.	4.023103748401953e7
62.25	3.9688732639029816e7
62.5	3.9155417960914485e7
62.75	3.863091068880819e7
63.	3.811503240446248e7
63.25	3.760760890923246e7
63.5	3.7108470100506105e7
63.75	3.661744985495641e7
64.	3.6134385912547864e7
64.25	3.565911976504288e7
64.5	3.5191496547611564e7
64.75	3.47313649333078e7
65.	3.427857703088319e7
65.25	3.3832988285811946e7
65.5	3.3394457384073738e7
65.75	3.296284615678336e7
66.	3.253801950790364e7
66.25	3.211984533615621e7
66.5	3.170819483552887e7
66.75	3.1302943252497073e7
67.	3.0903968906460755e7
67.25	3.0511152903308015e7
67.5	3.012437906014716e7
67.75	2.974353383192875e7
68.	2.9368506240475856e7
68.25	2.8999187805490192e7
68.5	2.863547247802788e7
68.75	2.827725657567707e7
69.	2.7924438719171267e7
69.25	2.7576919771761563e7
69.5	2.723850099518386e7
69.75	2.6906295601483796e7
70.	2.6579142426937412e7
70.25	2.625694791486288e7
70.5	2.5939620569669537e7
70.75	2.562707090373926e7
71.	2.5319211389987692e7
71.25	2.5015956410174575e7
71.5	2.4717222203226775e7
71.75	2.442292681710307e7
72.	2.4132990062467024e7
72.25	2.3847333467728138e7
72.5	2.356588023435036e7
72.75	2.32885551932768e7
73.	2.3015284764844976e7
73.25	2.2745996919456758e7
73.5	2.2480621137584455e7
73.75	2.2219088371380303e7
74.	2.1961331007715285e7
74.25	2.1707282831933554e7
74.5	2.145687899256392e7
74.75	2.121005596670225e7
75.	2.0966751526126057e7
75.25	2.0726904705571655e7
75.5	2.049045576942391e7
75.75	2.0257346180709045e7
76.	2.002751857388365e7
76.25	1.980091672493355e7
76.5	1.95774855244566e7
76.75	1.935717095063704e7
77.	1.9139920042347558e7
77.25	1.8925680873451035e7
77.5	1.8714402527664017e7
77.75	1.8506035073882736e7
78.	1.830052954217595e7
78.25	1.809783790040314e7
78.5	1.789791303144744e7
78.75	1.7700708711037584e7
79.	1.7506179585538536e7
79.25	1.7314281151228517e7
79.5	1.712496974296804e7
79.75	1.6938202511325464e7
80.	1.6753937478008686e7
80.25	1.6572133844263777e7
80.5	1.6392751720344009e7
80.75	1.6215751990450805e7
81.	1.6041096295164973e7
81.25	1.586874701423606e7
81.5	1.5698667249765348e7
81.75	1.553082080986203e7
82.	1.5365172192653999e7
82.25	1.5201686570752848e7
82.5	1.5040329776177412e7
82.75	1.488106828553022e7
83.	1.472386920536055e7
83.25	1.4568700258301355e7
83.5	1.441552976943832e7
83.75	1.4264326652999388e7
84.	1.4115060399305461e7
84.25	1.3967701062022379e7
84.5	1.3822219245723233e7
84.75	1.367858609393898e7
85.	1.3536773277543135e7
85.25	1.3396752983714113e7
85.5	1.325849790644531e7
85.75	1.3121981234496884e7
86.	1.2987176640261417e7
86.25	1.2854058269288924e7
86.5	1.272260073008327e7
86.75	1.2592779084315578e7
87.	1.246456883707318e7
87.25	1.2337945927208921e7
87.5	1.2212886717796892e7
87.75	1.2089367987383816e7
88.	1.196736692172926e7
88.25	1.184686110505146e7
88.5	1.1727828511399131e7
88.75	1.161024749642086e7
89.	1.1494096789417319e7
89.25	1.1379355485456616e7
89.5	1.1266003037666064e7
89.75	1.1154019249694386e7
90.	1.1043384268229106e7
90.25	1.0934078575679738e7
90.5	1.0826673659972219e7
90.75	1.0721124278983656e7
91.	1.0616850639290113e7
91.25	1.0513834112083819e7
91.5	1.0412056382788021e7
91.75	1.031149944414999e7
92.	1.0212145590338996e7
92.25	1.0113977410800947e7
92.5	1.0016977784148484e7
92.75	9.92112987211108e6
93.	9.826417113857256e6
93.25	9.73282322030235e6
93.5	9.640332168518506e6
93.75	9.548928196274199e6
94.	9.458595796691367e6
94.25	9.369319713020617e6
94.5	9.281084933530664e6
94.75	9.193876686512949e6
95.	9.107680435304264e6
95.25	9.02248187317941e6
95.5	8.938266919883113e6
95.75	8.855021719961492e6
96.	8.772732635685597e6
96.25	8.691386251564184e6
96.5	8.610969474036645e6
96.75	8.531469491030624e6
97.	8.45287370176435e6
97.25	8.375169711696905e6
97.5	8.298345328611113e6
97.75	8.222388558736975e6
98.	8.147287602951748e6
98.25	8.073030853072828e6
98.5	7.999606888225833e6
98.75	7.927004471269107e6
99.	7.855212545326237e6
99.25	7.7842202303979015e6
99.5	7.714016820023245e6
99.75	7.644591777942145e6
100.	7.575934734868874e6
100.25	7.508035485467441e6
100.5	7.44088398528395e6
100.75	7.37447034776334e6
101.	7.308784841305364e6
101.25	7.243817886377278e6
101.5	7.179560052685343e6
101.75	7.11600205640356e6
102.	7.053134757519021e6
102.25	6.990949157244256e6
102.5	6.929436395409476e6
102.75	6.868587748441946e6
103.	6.8083946270048935e6
103.25	6.748848573152468e6
103.5	6.689941257904276e6
103.75	6.631664478896001e6
104.	6.5740101580767175e6
104.25	6.516970339470575e6
104.5	6.460537187013559e6
104.75	6.404702982358657e6
105.	6.3494601227292875e6
105.25	6.294801118753743e6
105.5	6.240718592451375e6
105.75	6.187205275421977e6
106.	6.134254006959896e6
106.25	6.081857732065327e6
106.5	6.030009499507435e6
106.75	5.9787024599726815e6
107.	5.9279298643088015e6
107.25	5.877685061746179e6
107.5	5.827961498149789e6
107.75	5.778752714304813e6
108.	5.730052344233321e6
108.25	5.681854113527275e6
108.5	5.634151837664587e6
108.75	5.586939420461772e6
109.	5.540210852585792e6
109.25	5.493960209963971e6
109.5	5.448181651894882e6
109.75	5.402869419938768e6
110.	5.358017836650931e6
110.25	5.313621304030405e6
110.5	5.269674302142966e6
110.75	5.226171387914857e6
111.	5.183107193806867e6
111.25	5.140476426519574e6
111.5	5.098273865662431e6
111.75	5.056494362534604e6
112.	5.015132838923579e6
112.25	4.974184285893386e6
112.5	4.933643762595575e6
112.75	4.893506395104207e6
113.	4.853767375271531e6
113.25	4.814421959604962e6
113.5	4.775465468165032e6
113.75	4.736893283483452e6
114.	4.698700849502378e6
114.25	4.66088367052811e6
114.5	4.623437310131136e6
114.75	4.586357390098616e6
115.	4.54963959001292e6
115.25	4.513279647135812e6
115.5	4.477273354514322e6
115.75	4.441616559618499e6
116.	4.406305176629402e6
116.25	4.371335213722695e6
116.5	4.3367027411953695e6
116.75	4.302403883061494e6
117.	4.268434816185934e6
117.25	4.234791769448422e6
117.5	4.201471022915503e6
117.75	4.1684689070189088e6
118.	4.135781801752091e6
118.25	4.1034061358818393e6
118.5	4.0713383861732595e6
118.75	4.039575076624544e6
119.	4.008112777714509e6
119.25	3.9769481056766156e6
119.5	3.94621498987382e6
119.75	3.915836814938729e6
120.	3.8857458361651553e6
120.25	3.85593880596854e6
120.5	3.826412520149021e6
120.75	3.7971638172167614e6
121.	3.7681895777198873e6
121.25	3.739486723590275e6
121.5	3.711052217493892e6
121.75	3.6828830621918794e6
122.	3.654976299912666e6
122.25	3.627329011734695e6
122.5	3.5999383169792816e6
122.75	3.572801372629272e6
123.	3.5459153727700864e6
123.25	3.5192775480031027e6
123.5	3.492885164907921e6
123.75	3.4667355257080863e6
124.	3.440825967651248e6
124.25	3.4151538623761446e6
124.5	3.3897166153813596e6
124.75	3.364511665504947e6
125.	3.339536484415314e6
125.25	3.3147885761083253e6
125.5	3.2902654764193045e6
125.75	3.2659647525529983e6
126.	3.2418840025976263e6
126.25	3.218020855051503e6
126.5	3.19437296835404e6
126.75	3.1709380304011274e6
127.	3.147713758122077e6
127.25	3.12469789708775e6
127.5	3.1018882211155524e6
127.75	3.079282531820112e6
128.	3.0568786581896963e6
128.25	3.034674456153932e6
128.5	3.0126678081881274e6
128.75	2.9908566229348527e6
129.	2.969238834812506e6
129.25	2.9478124036296685e6
129.5	2.926575314205716e6
129.75	2.905525575997541e6
130.	2.8846612227315945e6
130.25	2.8639803120412733e6
130.5	2.8434809250895334e6
130.75	2.823161166222278e6
131.	2.803019162638632e6
131.25	2.783053064068579e6
131.5	2.7632610424263114e6
131.75	2.7436412913423143e6
132.	2.7241920259168837e6
132.25	2.704911482497204e6
132.5	2.685797918362549e6
132.75	2.666849611362184e6
133.	2.6480648596310555e6
133.25	2.629441981340009e6
133.5	2.610979314400984e6
133.75	2.592675216184012e6
134.	2.5745280632309425e6
134.25	2.5565362509584157e6
134.5	2.5386981934017865e6
134.75	2.5210123229532163e6
135.	2.5034770900955177e6
135.25	2.4860909631399238e6
135.5	2.4688524279684606e6
135.75	2.451759987780416e6
136.	2.4348121628425126e6
136.25	2.4180074902429855e6
136.5	2.401344523649501e6
136.75	2.384821833070803e6
137.	2.368438004621903e6
137.25	2.352191640293412e6
137.5	2.3360813577238237e6
137.75	2.3201057899637213e6
138.	2.3042635852197795e6
138.25	2.2885534066751865e6
138.5	2.272973932512082e6
138.75	2.2575238558938242e6
139.	2.242201884427492e6
139.25	2.2270067398509337e6
139.5	2.211937158065368e6
139.75	2.196991896886399e6
140.	2.1821697380921803e6
140.25	2.167469478169841e6
140.5	2.152889927524365e6
140.75	2.1384299102881146e6
141.	2.124088264137776e6
141.25	2.1098638401147253e6
141.5	2.0957555024449178e6
141.75	2.0817621283611364e6
142.	2.0678826079283748e6
142.25	2.0541158438720133e6
142.5	2.0404607514084084e6
142.75	2.0269162580778978e6
143.	2.0134813035788436e6
143.25	2.0001548396045954e6
143.5	1.9869358296865632e6
143.75	1.9738232490371026e6
144.	1.960816084394392e6
144.25	1.9479133338694645e6
144.5	1.9351140067897774e6
144.75	1.922417123536688e6
145.	1.909821715417926e6
145.25	1.8973268245280257e6
145.5	1.8849315036042558e6
145.75	1.8726348158888991e6
146.	1.860435834991936e6
146.25	1.848333644754848e6
146.5	1.8363273391163556e6
146.75	1.8244160219801164e6
147.	1.812598807084292e6
147.25	1.8008748178729464e6
147.5	1.7892431873691012e6
147.75	1.7777030580532015e6
148.	1.7662535817499482e6
148.25	1.7548939195032634e6
148.5	1.7436232414556472e6
148.75	1.7324407267472704e6
149.	1.721345563475692e6
149.25	1.71033694853702e6
149.5	1.6994140874885134e6
149.75	1.6885761944369548e6
150.	1.6778224919280657e6
150.25	1.667152210838753e6
150.5	1.6565645902706403e6
150.75	1.6460588774446682e6
151.	1.6356343275976183e6
151.25	1.625290203884414e6
151.5	1.6150257772772596e6
151.75	1.6048403264640907e6
152.	1.594733137750069e6
152.25	1.584703504959656e6
152.5	1.5747507293328794e6
152.75	1.5648741194305103e6
153.	1.555072991053361e6
153.25	1.5453466671637357e6
153.5	1.5356944778023595e6
153.75	1.5261157599906416e6
154.	1.5166098576422199e6
154.25	1.507176121473527e6
154.5	1.4978139089108445e6
154.75	1.4885225840156972e6
155.	1.4793015174047165e6
155.25	1.470150086167564e6
155.5	1.4610676737859847e6
155.75	1.4520536700539563e6
156.	1.4431074709989233e6
156.25	1.434228478804089e6
156.5	1.4254161017315334e6
156.75	1.4166697540466965e6
157.	1.4079888559397275e6
157.25	1.3993728334467695e6
157.5	1.3908211183836004e6
157.75	1.3823331482764035e6
158.	1.3739083662949419e6
158.25	1.3655462211826963e6
158.5	1.3572461671574202e6
158.75	1.3490076638209785e6
159.	1.3408301761445578e6
159.25	1.3327131744086538e6
159.5	1.3246561341377762e6
159.75	1.316664861841367e6
160.	1.308741362540428e6
160.25	1.3008759836481318e6
160.5	1.2930682188526867e6
160.75	1.285317566855758e6
161.	1.2776235313127097e6
161.25	1.269985620771923e6
161.5	1.2624033486092477e6
161.75	1.2548762329691993e6
162.	1.2474037967130747e6
162.25	1.2399855673616491e6
162.5	1.2326210770383074e6
162.75	1.2253098624128436e6
163.	1.2180514646460654e6
163.25	1.2108454293352617e6
163.5	1.2036913064602688e6
163.75	1.1965886503302364e6
164.	1.189537019531083e6
164.25	1.182535976873645e6
164.5	1.1755850893424957e6
164.75	1.1686839280453897e6
165.	1.161832068163361e6
165.25	1.1550290889016376e6
165.5	1.1482745734410915e6
165.75	1.1415681088888843e6
166.	1.1349092862229121e6
166.25	1.1282977002397336e6
166.5	1.1217329495263316e6
166.75	1.1152146364836006e6
167.	1.1087423673550603e6
167.25	1.1023157520675312e6
167.5	1.0959344041650018e6
167.75	1.0895979407371227e6
168.	1.0833059824575388e6
168.25	1.0770581558290184e6
168.5	1.0708540939809927e6
168.75	1.0646934338397442e6
169.	1.0585758158805948e6
169.25	1.0525008840873444e6
169.5	1.0464682859114088e6
169.75	1.0404776722336129e6
170.	1.0345286973259149e6
170.25	1.028621018813008e6
170.5	1.0227542976342309e6
170.75	1.0169281980060794e6
171.	1.0111423873851929e6
171.25	1.0053965364318567e6
171.5	999690.3189739136
171.75	994023.4119711088
172.	988395.4954798351
172.25	982806.2526176795
172.5	977255.3695292727
172.75	971742.5353530511
173.	966267.4421877533
173.25	960829.7850593268
173.5	955429.2618882073
173.75	950065.5734569947
174.	944738.4233763197
174.25	939447.5180479393
174.5	934192.5666406241
174.75	928973.2810613287
175.	923789.3759243087
175.25	918640.568520924
175.5	913526.5787907728
175.75	908447.1292924391
176.	903401.9451745205
176.25	898390.7541470026
176.5	893413.2864529805
176.75	888469.2748407283
177.	883558.4545360913
177.25	878680.5632152056
177.5	873835.3409775376
177.75	869022.5303191604
178.	864241.8761091463
178.25	859493.125564892
178.5	854776.0282250341
178.75	850090.3359240211
179.	845435.8027676328
179.25	840812.1851275201
179.5	836219.241624465
179.75	831656.7330848555
180.	827124.4225155088
180.25	822622.07508003
180.5	818149.4580752754
180.75	813706.3409083032
181.	809292.495073794
181.25	804907.6941315191
181.5	800551.7136840598
181.75	796224.3313548018
182.	791925.3267670359
182.25	787654.4815233664
182.5	783411.5791836574
182.75	779196.4052439352
183.	775008.747115578
183.25	770848.394104526
183.5	766715.1373900672
183.75	762608.7700011684
184.	758529.0868007455
184.25	754475.884467675
184.5	750448.9614812707
184.75	746448.1181048655
185.	742473.1563636321
185.25	738523.8800256262
185.5	734600.0945833002
185.75	730701.6072341487
186.	726828.2268599205
186.25	722979.7640123346
186.5	719156.0308964727
186.75	715356.8413533295
187.	711582.0108425617
187.25	707831.3564254353
187.5	704104.6967479641
187.75	700401.8520242405
188.	696722.644019959
188.25	693066.8960361064
188.5	689434.432892763
188.75	685825.0809132702
189.	682238.6679076263
189.25	678675.0231543629
189.5	675133.9773878173
189.75	671615.3627828102
190.	668119.0129409
190.25	664644.7628759319
190.5	661192.4489993299
190.75	657761.9091018086
191.	654352.9823219823
191.25	650965.5091466571
191.5	647599.3314043463
191.75	644254.2922513844
192.	640930.2361581904
192.25	637627.0088940075
192.5	634344.4575065343
192.75	631082.4303150813
193.	627840.7769004331
193.25	624619.3480915935
193.5	621417.9959527046
193.75	618236.5737708848
194.	615074.9360437884
194.25	611932.9384669694
194.5	608810.4379192847
194.75	605707.292451923
195.	602623.3612781509
195.25	599558.5047614671
195.5	596512.5844038591
195.75	593485.4628341869
196.	590477.0037966655
196.25	587487.0721395133
196.5	584515.5338037561
196.75	581562.2558121192
197.	578627.1062580383
197.25	575709.9542947938
197.5	572810.6701247618
197.75	569929.1249887856
198.	567065.1911556623
198.25	564218.7419117431
198.5	561389.6515506195
198.75	558577.7953629709
199.	555783.0496265322
199.25	553005.2915961451
199.5	550244.3994937576
199.75	547500.2524976184
200.	544772.7307288508
200.25	542061.71524421
200.5	539367.08803112
200.75	536688.7320140497
201.	534026.5310800928
201.25	531380.3700313848
201.5	528750.1345662592
201.75	526135.7112670266
202.	523536.98758245667
202.25	520953.851828968
202.5	518386.19350336544
202.75	515833.9040735178
203.	513296.8761306264
203.25	510775.00314559834
203.5	508268.1794606628
203.75	505776.3002810643
204.	503299.2616664606
204.25	500836.9605230221
204.5	498389.2945957146
204.75	495956.16246027616
205.	493537.4635153774
205.25	491133.09797488543
205.5	488742.96686015365
205.75	486366.9719923783
206.	484005.01598505676
206.25	481657.0022365189
206.5	479322.8349225304
206.75	477002.4189889667
207.	474695.66014456603
207.25	472402.46485369076
207.5	470122.7403290067
207.75	467856.3945247053
208.	465603.33612963895
208.25	463363.47456043225
208.5	461136.71995467553
208.75	458922.9831641787
209.	456722.17574829113
209.25	454534.20996728964
209.5	452358.9987753002
209.75	450196.45581163507
210.	448046.4953965456
210.25	445909.03252586717
210.5	443783.982864729
210.75	441671.26274114667
211.	439570.7891398748
211.25	437482.479696548
211.5	435406.2526916589
211.75	433342.0270445848
212.	431289.72230767173
212.25	429249.25866038084
212.5	427220.55690349144
212.75	425203.5384533663
213.	423198.1253362719
213.25	421204.24018275307
213.5	419221.8062220639
213.75	417250.74727665517
214.	415290.98775665544
214.25	413342.45265500224
214.5	411405.06754297
214.75	409478.75856430543
215.	407563.4524299055
215.25	405659.0764126309
215.5	403765.5583421698
215.75	401882.82660328224
216.	400010.8101381609
216.25	398149.43843443523
216.5	396298.6415185011
216.75	394453.4710771517
217.	392617.7283805663
217.25	390792.27887641056
217.5	388977.0548799125
217.75	387171.9892242902
218.	385377.0152560581
218.25	383592.0668303627
218.5	381817.07830636104
218.75	380051.9845426462
219.	378296.7208927614
219.25	376551.2232011191
219.5	374815.42779852584
219.75	373089.2714976197
220.	371372.6915885131
220.25	369665.62583447905
220.5	367968.01246763184
220.75	366279.7901846542
221.	364600.898142199
221.25	362931.2759515779
221.5	361270.863676144
221.75	359619.6018276134
222.	357977.4313622718
222.25	356344.2936787991
222.5	354720.13061389833
222.75	353104.88443765114
223.	351498.49784964026
223.25	349900.91397511173
223.5	348312.0763611675
223.75	346731.9289722918
224.	345160.4161861667
224.25	343597.4827912515
224.5	342043.0739832731
224.75	340497.1353616058
225.	338959.6129256857
225.25	337430.45307146036
225.5	335909.6025878703
225.75	334397.0086533667
226.	332892.61883245944
226.25	331396.38107230066
226.5	329908.243699299
226.75	328428.1554157558
227.	326956.06529651326
227.25	325491.92278570577
227.5	324035.6776934475
227.75	322587.28019169386
228.	321146.6808113628
228.25	319713.83043976116
228.5	318288.6803172364
228.75	316871.1820344974
229.	315461.28752960777
229.25	314058.94908493693
229.5	312664.1193241406
229.75	311276.751207163
230.	309896.79802210897
230.25	308524.2133881562
230.5	307158.9512543455
230.75	305800.9658967018
231.	304450.2119153825
231.25	303106.64423185174
231.5	301770.21808564715
231.75	300440.8890291808
232.	299118.6129268543
232.25	297803.3459535654
232.5	296495.0445920136
232.75	295193.6656299186
233.	293899.166157355
233.25	292611.50356427603
233.5	291330.63553794444
233.75	290056.5200603596
234.	288789.11540551967
234.25	287528.3801360878
234.5	286274.2731016489
234.75	285026.75343659293
235.	283785.7805576607
235.25	282551.31416151155
235.5	281323.31422231364
235.75	280101.7409893563
236.	278886.5549846727
236.25	277677.7170006978
236.5	276475.18809796066
236.75	275278.92960278527
237.	274088.9031050101
237.25	272905.0704557306
237.5	271727.39376506075
237.75	270555.835399916
238.	269390.35798181675
238.25	268230.92438471096
238.5	267077.4977328179
238.75	265930.0413984902
239.	264788.5190000877
239.25	263652.8943998831
239.5	262523.13170199166
239.75	261399.1952503111
240.	260281.0496264809
240.25	259168.65964781604
240.5	258061.9903650821
240.75	256961.00705953865
241.	255865.67524069667
241.25	254775.9606460368
241.5	253691.82923961862
241.75	252613.2472152447
242.	251540.18100631345
242.25	250472.5972708038
242.5	249410.46288610878
242.75	248353.74494718033
243.	247302.41076294243
243.25	246256.42785239924
243.5	245215.7639463623
243.75	244180.38700433617
244.	243150.26545225325
244.25	242125.36812079753
244.5	241105.66406106128
244.75	240091.12253838195
245.	239081.7130306226
245.25	238077.4052264738
245.5	237078.16902370026
245.75	236083.97452735677
246.	235094.7920483028
246.25	234110.59210158794
246.5	233131.34540474322
246.75	232157.02287617148
247.	231187.5956336259
247.25	230223.03499262469
247.5	229263.3124648747
247.75	228308.3997567055
248.	227358.268767525
248.25	226412.8915882865
248.5	225472.240499967
248.75	224536.28797205808
249.	223605.0066610701
249.25	222678.36940904916
249.5	221756.34924210163
249.75	220838.91936886692
250.	219926.05317910033
250.25	219017.7242423023
250.5	218113.9063062959
250.75	217214.5732958195
251.	216319.69931113295
251.25	215429.25862663315
251.5	214543.22568948093
251.75	213661.5751182397
252.	212784.28170152585
252.25	211911.32039657957
252.5	211042.66632716884
252.75	210178.29478273485
253.	209318.1812176044
253.25	208462.30124970234
253.5	207610.63065926844
253.75	206763.14538753248
254.	205919.82153543687
254.25	205080.63536246843
254.5	204245.56328542618
254.75	203414.581877192
255.	202587.6678655119
255.25	201764.79813178777
255.5	200945.94970987857
255.75	200131.09978491225
256.	199320.22569210807
256.25	198513.30491560893
256.5	197710.31508732282
256.75	196911.23398577358
257.	196116.03953496172
257.25	195324.70980323447
257.5	194537.22300216492
257.75	193753.5574854108
258.	192973.69174780717
258.25	192197.6044245373
258.5	191425.27428984473
258.75	190656.68025593468
259.	189891.80137190837
259.25	189130.61682270822
259.5	188373.1059280704
259.75	187619.24814197933
260.	186869.0230545441
260.25	186122.41038938277
260.5	185379.39000136888
260.75	184639.94187562334
261.	183904.0461265175
261.25	183171.6829966858
261.5	182442.83285604278
261.75	181717.47620078738
262.	180995.5936524506
262.25	180277.1659569599
262.5	179562.1739836921
262.75	178850.59872453232
263.	178142.4212929417
263.25	177437.62292303215
263.5	176736.18496864877
263.75	176038.08890247328
264.	175343.31631524183
264.25	174651.84891483342
264.5	173963.6685253324
264.75	173278.75708614726
265.	172597.09665113717
265.25	171918.6693877459
265.5	171243.45757613127
265.75	170571.44360829314
266.	169902.60998724142
266.25	169236.9393257609
266.5	168574.41434559601
266.75	167915.01787706304
267.	167258.73285825274
267.25	166605.54233422573
267.5	165955.42945658992
267.75	165308.37748303212
268.	164664.36977609966
268.25	164023.389802372
268.5	163385.42113168127
268.75	162750.44743633995
269.	162118.45249037395
269.25	161489.42016874455
269.5	160863.33444624723
269.75	160240.17939681225
270.	159619.93919313222
270.25	159002.5981059422
270.5	158388.14050328944
270.75	157776.55084980902
271.	157167.81370600528
271.25	156561.91372753886
271.5	155958.83566451963
271.75	155358.5643608051
272.	154761.0847533045
272.25	154166.38187128818
272.5	153574.4408357032
272.75	152985.2468584936
273.	152398.78524192504
273.25	151815.0413779035
273.5	151234.00074732053
273.75	150655.64891940425
274.	150079.97155104083
274.25	149506.95438581624
274.5	148936.58325349411
274.75	148368.84406961486
275.	147803.72283475843
275.25	147241.20563398092
275.5	146681.2786362696
275.75	146123.92809392672
276.	145569.1403419571
276.25	145016.90179746013
276.5	144467.1989590096
276.75	143920.01840477786
277.	143375.346791116
277.25	142833.17085397846
277.5	142293.4774085529
277.75	141756.2533486806
278.	141221.48564628203
278.25	140689.1613507868
278.5	140159.26758856798
278.75	139631.7915623169
279.	139106.72054971053
279.25	138584.04190314442
279.5	138063.74304979094
279.75	137545.81149106877
280.	137030.2348021032
280.25	136517.0006311597
280.5	136006.0966990959
280.75	135497.51079888045
281.	134991.23079508173
281.25	134487.2446233504
281.5	133985.54028990466
281.75	133486.1058709931
282.	132988.92951211036
282.25	132493.9994276268
282.5	132001.303900493
282.75	131510.83128174813
283.	131022.56999002938
283.25	130536.50851108441
283.5	130052.63539728845
283.75	129570.9392671644
284.	129091.40880490662
284.25	128614.03275990426
284.5	128138.79994627558
284.75	127665.69924240664
285.	127194.71959048987
285.25	126725.84999606639
285.5	126259.07952757188
285.75	125794.39731588619
286.	125331.7925538857
286.25	124871.25449600005
286.5	124412.77245777167
286.75	123956.33581541902
287.	123501.93400540299
287.25	123049.55652399684
287.5	122599.19292685928
287.75	122150.83282860869
288.	121704.46590240225
288.25	121260.0818795226
288.5	120817.6705489641
288.75	120377.22175702234
289.	119938.72540688643
289.25	119502.1714582324
289.5	119067.54992677477
289.75	118634.85088381488
290.	118204.06445536604
290.25	117775.18082205481
290.5	117348.19021908638
290.75	116923.08293600226
291.	116499.84931647155
291.25	116078.47976196092
291.5	115658.96473103299
291.75	115241.29473529602
292.	114825.4603388965
292.25	114411.4521581506
292.5	113999.26086107314
292.75	113588.8771659215
293.	113180.2918413043
293.25	112773.49570660233
293.5	112368.47963252595
293.75	111965.23458821508
294.	111563.75166556823
294.25	111164.02201409807
294.5	110766.03683483029
294.75	110369.78737995593
295.	109975.26495248676
295.25	109582.46090591587
295.5	109191.36664387689
295.75	108801.97361976313
296.	108414.27333640154
296.25	108028.25734576731
296.5	107643.91724865619
296.75	107261.2446943295
297.	106880.23138015292
297.25	106500.86905133483
297.5	106123.14950061744
297.75	105747.0645679585
298.	105372.13244486142
298.25	104996.02027923032
298.5	104621.5057389889
298.75	104248.5809177691
299.	103877.2379547145
299.25	103507.46903417585
299.5	103139.26638540816
299.75	102772.62228227104
300.	102407.52904293
300.25	102043.97902956074
300.5	101681.96464805337
300.75	101321.47834769778
301.	100962.51262090384
301.25	100605.06000293308
301.5	100249.11307161317
301.75	99894.66444705368
302.	99541.70679136543
302.25	99190.23280838193
302.5	98840.2352433815
302.75	98491.70688281216
303.	98144.64055401795
303.25	97799.02912496765
303.5	97454.86550398478
303.75	97112.14263946938
304.	96770.85351941343
304.25	96430.99117116797
304.5	96092.54866140368
304.75	95755.51909585983
305.	95419.89561908614
305.25	95085.67141418623
305.5	94752.83970255412
305.75	94421.39374360077
306.	94091.32683453064
306.25	93762.63231009962
306.5	93435.30354236727
306.75	93109.3339404514
307.	92784.71695028403
307.25	92461.44605436904
307.5	92139.5147715418
307.75	91818.91665673023
308.	91499.64530071768
308.25	91181.69432990755
308.5	90865.05740608978
308.75	90549.72822620874
309.	90235.70052213254
309.25	89922.96806042413
309.5	89611.5246421142
309.75	89301.36410247517
310.	88992.48031079727
310.25	88684.86717016334
310.5	88378.51861721752
310.75	88073.42862204842
311.	87769.59118800069
311.25	87467.0003513968
311.5	87165.65018131986
311.75	86865.53477940011
312.	86566.64827960318
312.25	86268.98484802005
312.5	85972.53868265828
312.75	85677.30401327531
313.	85383.27510198498
313.25	85090.44624308836
313.5	84798.81176216606
313.75	84508.36601584795
314.	84219.10339161278
314.25	83931.01830758962
314.5	83644.10521235994
314.75	83358.35858476188
315.	83073.77293369337
315.25	82790.34279791031
315.5	82508.06274584192
315.75	82226.92737540469
316.	81946.93131381307
316.25	81668.06921739121
316.5	81390.33577138628
316.75	81113.7256897826
317.	80838.23371511763
317.25	80563.85461829886
317.5	80290.58319842197
317.75	80018.414282608
318.	79747.34272585984
318.25	79477.36341085553
318.5	79208.47124776556
318.75	78940.66117407712
319.	78673.92815441977
319.25	78408.26718039217
319.5	78143.67327038999
319.75	77880.1414694315
320.	77617.66684898222
320.25	77356.24450679557
320.5	77095.86956669755
320.75	76836.53717827292
321.	76578.2425168594
321.25	76320.98078343652
321.5	76064.74720446253
321.75	75809.53703171288
322.	75555.34554214745
322.25	75302.16803794852
322.5	75049.99984629037
322.75	74798.83631909762
323.	74548.67283288871
323.25	74299.5047886205
323.5	74051.32761153406
323.75	73804.13675100158
324.	73557.92768037427
324.25	73312.69589682863
324.5	73068.43692111918
324.75	72825.14629739571
325.	72582.81959319641
325.25	72341.45239931268
325.5	72101.04032964318
325.75	71861.57902104859
326.	71623.06413320768
326.25	71385.49134847408
326.5	71148.85637173412
326.75	70913.15493026555
327.	70678.38277359742
327.25	70444.53567337056
327.5	70211.60942319935
327.75	69979.59983853395
328.	69748.50275652403
328.25	69518.31403588303
328.5	69289.02955675332
328.75	69060.64522057229
329.	68833.15694993536
329.25	68606.56068846508
329.5	68380.85240068373
329.75	68156.02807188327
330.	67932.08370798755
330.25	67709.01533532092
330.5	67486.81900051705
330.75	67265.49077047515
331.	67045.02673222157
331.25	66825.42299275692
331.5	66606.6756789704
331.75	66388.78093752447
332.	66171.73493473258
332.25	65955.5338564369
332.5	65740.17390788738
332.75	65525.65131362147
333.	65311.96231734313
333.25	65099.10318146909
333.5	64887.07018657749
333.75	64675.8596319763
334.	64465.4678357
334.25	64255.89113439421
334.5	64047.125883201006
334.75	63839.16845564464
335.	63632.01524351847
335.25	63425.66265677245
335.5	63220.1071234011
335.75	63015.345089298724
336.	62811.37301787809
336.25	62608.18739011603
336.5	62405.78470461049
336.75	62204.16147747394
337.	62003.31424222595
337.25	61803.239549686296
337.5	61603.93396785789
337.75	61405.394081816456
338.	61207.61649362044
338.25	61010.59782221063
338.5	60814.334703307715
338.75	60618.82378930958
339.	60424.06174918946
339.25	60230.0452683935
339.5	60036.77104867468
339.75	59844.235807960074
340.	59652.436280351154
340.25	59461.369216034276
340.5	59271.03138118285
340.75	59081.41955785993
341.	58892.53054392139
341.25	58704.361152919875
341.5	58516.908214009265
341.75	58330.16857184982
342.	58144.13908651384
342.25	57958.81663339071
342.5	57774.19810309428
342.75	57590.28040137147
343.	57407.06044901081
343.25	57224.535181750856
343.5	57042.70155018975
343.75	56861.556519695034
344.	56681.09707031424
344.25	56501.32019668583
344.5	56322.222907950956
344.75	56143.80222766572
345.	55966.055193713786
345.25	55788.97885821997
345.5	55612.570287463925
345.75	55436.82656179472
346.	55261.74477554587
346.25	55087.32203695082
346.5	54913.55546805836
346.75	54740.442204649
347.	54567.97939615325
347.25	54396.16420556942
347.5	54224.993809381864
347.75	54054.46539747981
348.	53884.57617307655
348.25	53715.32335262932
348.5	53546.70416575483
348.75	53378.71585513876
349.	53211.35567643702
349.25	53044.62089802544
349.5	52878.50880105926
349.75	52713.01667948078
350.	52548.14183997002
350.25	52383.881601895286
350.5	52220.23329730556
350.75	52057.19427229905
351.	51894.76188659406
351.25	51732.93351233902
351.5	51571.70653401103
351.75	51411.07834834253
352.	51251.04636424839
352.25	51091.608002735644
352.5	50932.760696500845
352.75	50774.501889899664
353.	50616.82903918869
353.25	50459.739612466736
353.5	50303.231089805304
353.75	50147.300975002756
354.	49991.946802387174
354.25	49837.16612001169
354.5	49682.956488004835
354.75	49529.31547850198
355.	49376.240675576715
355.25	49223.729675173134
355.5	49071.78008503926
355.75	48920.389524660204
356.	48769.555625187735
356.25	48619.27602935814
356.5	48469.54839144181
356.75	48320.37037718545
357.	48171.739663747125
357.25	48023.65393962925
357.5	47876.11090458831
357.75	47729.108269583245
358.	47582.643756731115
358.25	47436.71509924468
358.5	47291.3200413697
358.75	47146.45633832295
359.	47002.12175623019
359.25	46858.31407206448
359.5	46715.03107358539
359.75	46572.27055927881
360.	46430.03033829646
360.25	46288.30823039606
360.5	46147.10206588174
360.75	46006.40968554484
361.	45866.228940605026
361.25	45726.557692651855
361.5	45587.39381358651
361.75	45448.73518556418
362.	45310.579700934424
362.25	45172.925262176985
362.5	45035.76978185238
362.75	44899.11118254846
363.	44762.9473968244
363.25	44627.27636715461
363.5	44492.096045873324
363.75	44357.40439511992
364.	44223.19938678406
364.25	44089.479002451415
364.5	43956.24123334945
364.75	43823.484080293696
365.	43691.20555363425
365.25	43559.40367320273
365.5	43428.07646825933
365.75	43297.221977440284
366.	43166.83824866662
366.25	43036.92333903528
366.5	42907.475314856376
366.75	42778.4922516182
367.	42649.972233936256
367.25	42521.91335550259
367.5	42394.31371903542
367.75	42267.17143622903
368.	42140.48462769825
368.25	42014.25142292714
368.5	41888.46996022818
368.75	41763.13838669403
369.	41638.254858148866
369.25	41513.81753910025
369.5	41389.82460269093
369.75	41266.274230651245
370.	41143.16461325162
370.25	41020.49394925534
370.5	40898.260445871834
370.75	40776.46231870984
371.	40655.097791731256
371.25	40534.16509720496
371.5	40413.66247566122
371.75	40293.5881758461
372.	40173.94045467619
372.25	40054.71757719362
372.5	39935.917816521396
372.75	39817.53945381886
373.	39699.58077823751
373.25	39582.04008687708
373.5	39464.91568474183
373.75	39348.20588469459
374.	39231.90900741309
374.25	39116.023381385115
374.5	39000.54734286376
374.75	38885.47923580756
375.	38770.81741183793
375.25	38656.5602301972
375.5	38542.706057706964
375.75	38429.25326872669
376.	38316.20024511259
376.25	38203.54537617678
376.5	38091.28705864636
376.75	37979.42369667092
377.	37867.953702095394
377.25	37756.87549425208
377.5	37646.18749977119
377.75	37535.888152540756
378.	37425.975893667186
378.25	37316.44917143631
378.5	37207.30644127452
378.75	37098.54616571014
379.	36990.166814335
379.25	36882.166863766244
379.5	36774.54479760634
379.75	36667.29910640444
380.	36560.4282876221
380.25	36453.93084559628
380.5	36347.80529150225
380.75	36242.05014331672
381.	36136.663925781286
381.25	36031.64517036576
381.5	35926.9924152322
381.75	35822.70420519869
382.	35718.77909170358
382.25	35615.21563276992
382.5	35512.012392970304
382.75	35409.16794340131
383.	35306.68086165259
383.25	35204.54973176355
383.5	35102.77314418835
383.75	35001.34969576144
384.	34900.27798966347
384.25	34799.55663538715
384.5	34699.1842487035
384.75	34599.159451628264
385.	34499.480872388005
385.25	34400.14714538462
385.5	34301.1569111641
385.75	34202.508816384914
386.	34104.201513767315
386.25	34006.23366201313
386.5	33908.60392582733
386.75	33811.31097590196
387.	33714.353488884146
387.25	33617.73014734436
387.5	33521.43963974488
387.75	33425.48066041157
388.	33329.85190955844
388.25	33234.55209326008
388.5	33139.579923378755
388.75	33044.93411753224
389.	32950.61339906338
389.25	32856.61649700968
389.5	32762.942146073234
389.75	32669.58908659064
390.	32576.55606450327
390.25	32483.841831327583
390.5	32391.4451441254
390.75	32299.364765450584
391.	32207.599463292285
391.25	32116.14801109537
391.5	32025.009187739546
391.75	31934.18177751067
392.	31843.664570072295
392.25	31753.45636043733
392.5	31663.555948939873
392.75	31573.962141207146
393.	31484.673748131703
393.25	31395.68958584367
393.5	31307.008475683244
393.75	31218.629244173262
394.	31130.550722991975
394.25	31042.77174894598
394.5	30955.291163943235
394.75	30868.107814966323
395.	30781.22055404579
395.25	30694.62823823366
395.5	30608.32972957714
395.75	30522.323895092366
396.	30436.609606738268
396.25	30351.185741389323
396.5	30266.051180810722
396.75	30181.204811633543
397.	30096.645525329284
397.25	30012.372218184537
397.5	29928.383791270022
397.75	29844.679150379514
398.	29761.257206030135
398.25	29678.11687345702
398.5	29595.25707258811
398.75	29512.67672800976
399.	29430.374768944475
399.25	29348.350129236125
399.5	29266.601747326193
399.75	29185.128566229847
400.	29103.929533512088
400.25	29023.00360126408
400.5	28942.34972607961
400.75	28861.966869031672
401.	28781.853995649166
401.25	28702.010075855702
401.5	28622.434083727367
401.75	28543.124997625
402.	28464.081800280932
402.25	28385.303478776834
402.5	28306.789024521215
402.75	28228.537433227088
403.	28150.547704889606
403.25	28072.818843764035
403.5	27995.34985834366
403.75	27918.13976133791
404.	27841.18756965061
404.25	27764.492304357904
404.5	27688.052990635777
404.75	27611.86865768964
405.	27535.938338825865
405.25	27460.26107144299
405.5	27384.835897010664
405.75	27309.66186104869
406.	27234.738013106235
406.25	27160.063406740795
406.5	27085.637099492888
406.75	27011.45815286634
407.	26937.52563231179
407.25	26863.838607207243
407.5	26790.396150838234
407.75	26717.197340377752
408.	26644.24125686633
408.25	26571.52698519225
408.5	26499.05361407177
408.75	26426.820236022566
409.	26354.825947312307
409.25	26283.06984796658
409.5	26211.551041763836
409.75	26140.268636216268
410.	26069.2217425507
410.25	25998.409475689623
410.5	25927.83095423236
410.75	25857.485300436278
411.	25787.37164019813
411.25	25717.48910303552
411.5	25647.836822068424
411.75	25578.41393400085
412.	25509.21957910246
412.25	25440.25290119001
412.5	25371.51304760966
412.75	25302.999169219274
413.	25234.710420370517
413.25	25166.64595889113
413.5	25098.804946067223
413.75	25031.186546625773
414.	24963.789928717033
414.25	24896.614263897285
414.5	24829.658727111448
414.75	24762.922496675954
415.	24696.4047542616
415.25	24630.104684876565
415.5	24564.021476849506
415.75	24498.154321812734
416.	24432.502414685452
416.25	24366.973182164344
416.5	24300.77918506996
416.75	24234.796540588424
417.	24169.02446692761
417.25	24103.462185460125
417.5	24038.108920706956
417.75	23972.963900321833
418.	23908.0263550753
418.25	23843.29551883892
418.5	23778.770628569462
418.75	23714.450924293204
419.	23650.335649090324
419.25	23586.424049079422
419.5	23522.71537340198
419.75	23459.208874205167
420.	23395.90380662392
420.25	23332.799428767164
420.5	23269.895001652338
420.75	23207.18978919721
421.	23144.683058253373
421.25	23082.374078593257
421.5	23020.262122902972
421.75	22958.346466776726
422.	22896.626388689732
422.25	22835.101170147234
422.5	22773.7700961291
422.75	22712.63245461045
423.	22651.687536403777
423.25	22590.934635144782
423.5	22530.373047278095
423.75	22470.002072043262
424.	22409.82101146065
424.25	22349.82917031279
424.5	22290.02585602596
424.75	22230.41037865887
425.	22170.982050995557
425.25	22111.740188536576
425.5	22052.68410948543
425.75	21993.81313475113
426.	21935.12659021
426.25	21876.62380910462
426.5	21818.304128011525
426.75	21760.166886270705
427.	21702.21142597239
427.25	21644.437091943902
427.5	21586.843231736373
427.75	21529.429195611694
428.	21472.19433652977
428.25	21415.138010135648
428.5	21358.259574746677
428.75	21301.558391338633
429.	21245.033823528047
429.25	21188.68523756392
429.5	21132.51200231751
429.75	21076.513489269917
430.	21020.689072499546
430.25	20965.038128669214
430.5	20909.560037004547
430.75	20854.25417928388
431.	20799.119939834352
431.25	20744.156705519992
431.5	20689.36386572969
431.75	20634.740812365206
432.	20580.286939829177
432.25	20526.001645013293
432.5	20471.884327286298
432.75	20417.934388482285
433.	20364.151232889075
433.25	20310.534267236635
433.5	20257.08290068547
433.75	20203.796544815108
434.	20150.67461361266
434.25	20097.716523461353
434.5	20044.921693129236
434.75	19992.289543757848
435.	19939.81949885101
435.25	19887.51098426364
435.5	19835.3634281906
435.75	19783.376261155674
436.	19731.548915999712
436.25	19679.880827867462
436.5	19628.371434199205
436.75	19577.020174720772
437.	19525.826491432705
437.25	19474.78982859954
437.5	19423.909632739025
437.75	19373.18535261151
438.	19322.616439209476
438.25	19272.202345747028
438.5	19221.94252764939
438.75	19171.83644254252
439.	19121.88355024275
439.25	19072.083312746447
439.5	19022.43519421976
439.75	18972.938660988435
440.	18923.593181527638
440.25	18874.398226451838
440.5	18825.353268504758
440.75	18776.45778254109
441.	18727.711245491864
441.25	18679.11313638112
441.5	18630.662936324883
441.75	18582.360128521315
442.	18534.20419824096
442.25	18486.194632817067
442.5	18438.330921635898
442.75	18390.612556127122
443.	18343.039029754083
443.25	18295.609838001852
443.5	18248.324478368617
443.75	18201.18245035835
444.	18154.183255471413
444.25	18107.32639719526
444.5	18060.611380995142
444.75	18014.0377143049
445.	17967.60490651776
445.25	17921.312468977172
445.5	17875.159914967724
445.75	17829.146759706113
446.	17783.272520332088
446.25	17737.536715899536
446.5	17691.938867367513
446.75	17646.47849759144
447.	17601.15513131417
447.25	17555.968295157338
447.5	17510.917517612546
447.75	17466.002329032697
448.	17421.222261623305
448.25	17376.57684943392
448.5	17332.065628349515
448.75	17287.688136081986
449.	17243.443912161656
449.25	17199.33249792882
449.5	17155.353436525333
449.75	17111.506272886283
450.	17067.790553731484
450.25	17024.205827555543
450.5	16980.751644622465
450.75	16937.42755696964
451.	16894.233118394473
451.25	16851.167884442373
451.5	16808.2314123987
451.75	16765.423261280688
452.	16722.742991829437
452.25	16680.190166501954
452.5	16637.764349463272
452.75	16595.465106578573
453.	16553.292005405354
453.25	16511.2446151856
453.5	16469.322506838027
453.75	16427.525252964617
454.	16385.852427943846
454.25	16344.303607871134
454.5	16302.878370499811
454.75	16261.57629523319
455.	16220.39696311707
455.25	16179.339956832224
455.5	16138.404860686906
455.75	16097.591260609475
456.	16056.898744140943
456.25	16016.32690042768
456.5	15975.875320214056
456.75	15935.54359583512
457.	15895.331321208927
457.25	15855.238091828636
457.5	15815.263504756438
457.75	15775.407158616594
458.	15735.668653588333
458.25	15696.047591398774
458.5	15656.543575315904
458.75	15617.156210141524
459.	15577.88510220433
459.25	15538.729859352932
459.5	15499.690090948976
459.75	15460.765407860235
460.	15421.955422453828
460.25	15383.259748589331
460.5	15344.678001612087
460.75	15306.209798346681
461.	15267.854757093615
461.25	15229.61249762231
461.5	15191.482641162534
461.75	15153.464810397809
462.	15115.558629458792
462.25	15077.763723916778
462.5	15040.079720777123
462.75	15002.50624847282
463.	14965.042936858
463.25	14927.689417201513
463.5	14890.445322180565
463.75	14853.310285874073
464.	14816.2839437558
464.25	14779.365932688715
464.5	14742.555890918973
464.75	14705.853458069032
465.	14669.258275116668
465.25	14632.769984388613
465.5	14596.388229570313
465.75	14560.11265570059
466.	14523.942909165546
466.25	14487.878637692489
466.5	14451.919490343938
466.75	14416.065117511587
467.	14380.315170911024
467.25	14344.669303592551
467.5	14309.127169938829
467.75	14273.688425643848
468.	14238.352727706295
468.25	14203.119734423726
468.5	14167.989105386763
468.75	14132.960501473295
469.	14098.033584842757
469.25	14063.208018930367
469.5	14028.483468441482
469.75	13993.85959934586
470.	13959.336078872087
470.25	13924.912575501892
470.5	13890.588758961992
470.75	13856.364300204004
471.	13822.238871409301
471.25	13788.21214599164
471.5	13754.283798591767
471.75	13720.453505071915
472.	13686.720942510408
472.25	13653.085789196222
472.5	13619.547724623635
472.75	13586.106429486834
473.	13552.761585674625
473.25	13519.5128762651
473.5	13486.359985520341
473.75	13453.302598881219
474.	13420.34040296209
474.25	13387.473085545662
474.5	13354.700335577747
474.75	13322.021843162142
475.	13289.43729955549
475.25	13256.946397162144
475.5	13224.548829529114
475.75	13192.244291340989
476.	13160.032478414892
476.25	13127.91308769549
476.5	13095.885817249984
476.75	13063.950366263136
477.	13032.106435032243
477.25	13000.35372496187
477.5	12968.691938559312
477.75	12937.120779429843
478.	12905.63995227187
478.25	12874.249162872096
478.5	12842.948118100718
478.75	12811.736525904726
479.	12780.6140952914
479.25	12749.580536331701
479.5	12718.635560161852
479.75	12687.778878978623
480.	12657.010206034305
480.25	12626.32925562852
480.5	12595.735743105324
480.75	12565.22938485111
481.	12534.809898290014
481.25	12504.477001879384
481.5	12474.23041510522
481.75	12444.069858477656
482.	12413.995053526454
482.25	12384.005722796523
482.5	12354.101589843449
482.75	12324.28237922908
483.	12294.547816517079
483.25	12264.897628258637
483.5	12235.331541916748
483.75	12205.849285904369
484.	12176.450589620556
484.25	12147.135183446568
484.5	12117.90279874155
484.75	12088.753167838266
485.	12059.686024038838
485.25	12030.701101610532
485.5	12001.798135781506
485.75	11972.976862736661
486.	11944.237019613414
486.25	11915.57834449759
486.5	11887.00057641924
486.75	11858.503455348544
487.	11830.086722189699
487.25	11801.750118749567
487.5	11773.493387741582
487.75	11745.316272803804
488.	11717.218518495405
488.25	11689.19987029268
488.5	11661.260074585074
488.75	11633.398878671209
489.	11605.616030754905
489.25	11577.911279941263
489.5	11550.28437623156
489.75	11522.735070518758
490.	11495.263114585283
490.25	11467.86826109927
490.5	11440.550263610949
490.75	11413.308876548821
491.	11386.143855215869
491.25	11359.054955785743
491.5	11332.041935299023
491.75	11305.104551659433
492.	11278.242563630116
492.25	11251.455730828744
492.5	11224.74381371329
492.75	11198.106573583678
493.	11171.543772585099
493.25	11145.05517370446
493.5	11118.640540766733
493.75	11092.299638431337
494.	11066.032232188543
494.25	11039.838088355888
494.5	11013.716974074587
494.75	10987.668657306003
495.	10961.692906828088
495.25	10935.789492231877
495.5	10909.95818391798
495.75	10884.198753093078
496.	10858.510971766464
496.25	10832.894612746535
496.5	10807.349449637204
496.75	10781.87525683466
497.	10756.471809523966
497.25	10731.13888367569
497.5	10705.87625604252
497.75	10680.683704155877
498.	10655.561006322603
498.25	10630.507941621598
498.5	10605.524289900499
498.75	10580.609831772408
499.	10555.764348612562
499.25	10530.987622555082
499.5	10506.279436489714
499.75	10481.639574058576
500.	10457.067819652922
500.25	10432.563958409952
500.5	10408.127776209583
500.75	10383.759059671274
501.	10359.457596150854
501.25	10335.223173737368
501.5	10311.05558124993
501.75	10286.954608234588
502.	10262.920044961216
502.25	10238.951682420418
502.5	10215.049312320385
502.75	10191.212727083745
503.	10167.441719844603
503.25	10143.736084445552
503.5	10120.095615434617
503.75	10096.520108062263
504.	10073.009358278365
504.25	10049.563162729233
504.5	10026.18131875463
504.75	10002.863624384818
505.	9979.609878337578
505.25	9956.41988001531
505.5	9933.29342950173
505.75	9910.230327558127
506.	9887.230375621455
506.25	9864.293375797824
506.5	9841.419130840879
506.75	9818.607444164094
507.	9795.858119846298
507.25	9773.170962628841
507.5	9750.54577791323
507.75	9727.982371762533
508.	9705.480550897242
508.25	9683.040122689885
508.5	9660.660895190405
508.75	9638.342677288798
509.	9616.085278602948
509.25	9593.888509396287
509.5	9571.75218057483
509.75	9549.676103684433
510.	9527.660090908128
510.25	9505.703955063413
510.5	9483.807509599588
510.75	9461.970568595088
511.	9440.192946752666
511.25	9418.474459360707
511.5	9396.814922296788
511.75	9375.214152057293
512.	9353.671965755875
512.25	9332.188181120864
512.5	9310.762616492699
512.75	9289.39509082135
513.	9268.085423920133
513.25	9246.83343720257
513.5	9225.638952945874
513.75	9204.501794053123
514.	9183.421784050775
514.25	9162.398747086134
514.5	9141.432507924861
514.75	9120.522891948463
515.	9099.669725151749
515.25	9078.87283414044
515.5	9058.132046128721
515.75	9037.447188936809
516.	9016.818090988505
516.25	8996.244581308763
516.5	8975.726489520192
516.75	8955.263645840116
517.	8934.85588107981
517.25	8914.5030266423
517.5	8894.204914519958
517.75	8873.961377292155
518.	8853.77224812291
518.25	8833.637360758043
518.5	8813.556549518958
518.75	8793.529649302523
519.	8773.556495581191
519.25	8753.636924400698
519.5	8733.770772377791
519.75	8713.95787669793
520.	8694.198075113018
520.25	8674.49120593913
520.5	8654.837108054278
520.75	8635.235620896121
521.	8615.686584459716
521.25	8596.18983929531
521.5	8576.745226506158
521.75	8557.352587746307
522.	8538.011765218405
522.25	8518.72260167151
522.5	8499.484940398905
522.75	8480.298625235937
523.	8461.163500557845
523.25	8442.079411277611
523.5	8423.04620284383
523.75	8404.063721238554
524.	8385.131812975176
524.25	8366.250325096316
524.5	8347.419105171724
524.75	8328.63800129616
525.	8309.906862087271
525.25	8291.225536682794
525.5	8272.593874738639
525.75	8254.011726427505
526.	8235.478942436826
526.25	8216.99537396675
526.5	8198.560872728083
526.75	8180.175290940267
527.	8161.8384813293
527.25	8143.550297125796
527.5	8125.3105920629705
527.75	8107.11922037466
528.	8088.9760367933195
528.25	8070.880896548059
528.5	8052.833655362673
528.75	8034.834169453668
529.	8016.882295528327
529.25	7998.977890782745
529.5	7981.120812899905
529.75	7963.310920047752
530.	7945.548070877261
530.25	7927.832124520535
530.5	7910.162940588894
530.75	7892.54037917021
531.	7874.964300818583
531.25	7857.434566556045
531.5	7839.951037876842
531.75	7822.513576745691
532.	7805.122045595908
532.25	7787.776307327565
532.5	7770.476225305656
532.75	7753.221663358257
533.	7736.012485774695
533.25	7718.848557303746
533.5	7701.7297431518
533.75	7684.6559089804705
534.	7667.6269209045895
534.25	7650.642645491244
534.5	7633.70294975808
534.75	7616.807701171522
535.	7599.956767645006
535.25	7583.150017537232
535.5	7566.3873196504
535.75	7549.668543228472
536.	7532.993557955436
536.25	7516.362233953579
536.5	7499.7744417817585
536.75	7483.23005243369
537.	7466.72893733625
537.25	7450.270968347756
537.5	7433.856017756286
537.75	7417.483958277992
538.	7401.154663055418
538.25	7384.868005655819
538.5	7368.6238600695215
538.75	7352.422100708242
539.	7336.262602403466
539.25	7320.145240404772
539.5	7304.069890378215
539.75	7288.036428404679
540.	7272.044730978265
540.25	7256.094675004666
540.5	7240.186137799557
540.75	7224.3189970869935
541.	7208.493130997811
541.25	7192.708418068028
541.5	7176.964737237273
541.75	7161.261967847202
542.	7145.599989639864
542.25	7129.978682755614
542.5	7114.397927731981
542.75	7098.857605505382
543.	7083.357597409933
543.25	7067.897785173643
543.5	7052.478050916787
543.75	7037.09827715038
544.	7021.758346774661
544.25	7006.458143077559
544.5	6991.197549733194
544.75	6975.976450800376
545.	6960.794730721124
545.25	6945.652274319166
545.5	6930.548966798467
545.75	6915.484693741738
546.	6900.459341108982
546.25	6885.47279523602
546.5	6870.524942837359
546.75	6855.6156710370715
547.	6840.744867351081
547.25	6825.912419668539
547.5	6811.118216250263
547.75	6796.362145727307
548.	6781.644097099545
548.25	6766.963959734245
548.5	6752.321623364665
548.75	6737.716978088641
549.	6723.149914367191
549.25	6708.620323023123
549.5	6694.12809523964
549.75	6679.67312255896
550.	6665.255296880934
550.25	6650.874510461653
550.5	6636.530655911802
550.75	6622.223626195358
551.	6607.953314628522
551.25	6593.719614878353
551.5	6579.522420961449
551.75	6565.3616272425925
552.	6551.237128433427
552.25	6537.148819591113
552.5	6523.096596117032
552.75	6509.080353755442
553.	6495.099988592183
553.25	6481.155397053362
553.5	6467.246475904057
553.75	6453.373122247019
554.	6439.535233521379
554.25	6425.73270750136
554.5	6411.965442295009
554.75	6398.233336342907
555.	6384.536288417092
555.25	6370.8741976207475
555.5	6357.246963386488
555.75	6343.654485474783
556.	6330.096663972724
556.25	6316.573399292775
556.5	6303.084592171529
556.75	6289.630143668487
557.	6276.209955164821
557.25	6262.8239283621415
557.5	6249.471965281294
557.75	6236.153968261129
558.	6222.869839957302
558.25	6209.619483341068
558.5	6196.402801698019
558.75	6183.219698626674
559.	6170.070078037478
559.25	6156.953844151736
559.5	6143.870901500413
559.75	6130.821154922857
560.	6117.804509561232
560.25	6104.820870858271
560.5	6091.870144561611
560.75	6078.952236723037
561.	6066.067053697321
561.25	6053.21450214107
561.5	6040.394489011584
561.75	6027.606921565722
562.	6014.851707358765
562.25	6002.128754243292
562.5	5989.437970368415
562.75	5976.779264184571
563.	5964.152544442152
563.25	5951.557720185888
563.5	5938.994700753584
563.75	5926.4633957750275
564.	5913.963715170886
564.25	5901.495569151613
564.5	5889.0588682163625
564.75	5876.653523151897
565.	5864.279445031516
565.25	5851.936545213966
565.5	5839.624735342383
565.75	5827.343927343213
566.	5815.094033425155
566.25	5802.874966078096
566.5	5790.686638072035
566.75	5778.528962454146
567.	5766.401852544082
567.25	5754.305221937703
567.5	5742.238984507208
567.75	5730.203054400104
568.	5718.1973460381705
568.25	5706.221774116442
568.5	5694.276253602178
568.75	5682.360699733843
569.	5670.475028020103
569.25	5658.6191542388
569.5	5646.792994435956
569.75	5634.996464924769
570.	5623.229482284609
570.25	5611.491963360031
570.5	5599.783825259778
570.75	5588.104985355795
571.	5576.455361282252
571.25	5564.834870934559
571.5	5553.243432468388
571.75	5541.680964298713
572.	5530.147385098825
572.25	5518.642613799389
572.5	5507.166569587463
572.75	5495.719171905556
573.	5484.300340450673
573.25	5472.909995173362
573.5	5461.548056276775
573.75	5450.2144442157205
574.	5438.909079695732
574.25	5427.63188367213
574.5	5416.3827773490575
574.75	5405.161682178427
575.	5393.968519859137
575.25	5382.803212336183
575.5	5371.665681799748
575.75	5360.555850684298
576.	5349.473641667661
576.25	5338.418977670125
576.5	5327.391781853499
576.75	5316.391977617588
577.	5305.419488598064
577.25	5294.474238669351
577.5	5283.5561519440635
577.75	5272.665152772134
578.	5261.801165739926
578.25	5250.964115668722
578.5	5240.153927613031
578.75	5229.370526861049
579.	5218.61383893402
579.25	5207.883789585364
579.5	5197.180304799829
579.75	5186.503310792626
580.	5175.852734008576
580.25	5165.22850112127
580.5	5154.63053903221
580.75	5144.0587748699745
581.	5133.513135989377
581.25	5122.99354997062
581.5	5112.499944618484
581.75	5102.0322479614715
582.	5091.5903882493285
582.25	5081.174293930702
582.5	5070.783893658757
582.75	5060.419116307223
583.	5050.079890970035
583.25	5039.766146960532
583.5	5029.47781381064
583.75	5019.214821270076
584.	5008.977099305545
584.25	4998.764578099943
584.5	4988.57718805156
584.75	4978.41485977329
585.	4968.277524091846
585.25	4958.165112046976
585.5	4948.077554890664
585.75	4938.014784086378
586.	4927.976731308268
586.25	4917.963328440412
586.5	4907.974507575901
586.75	4898.010201009479
587.	4888.070341233913
587.25	4878.154860948401
587.5	4868.26369305859
587.75	4858.396770675829
588.	4848.554027116402
588.25	4838.735395900788
588.5	4828.940810752919
588.75	4819.17020559942
589.	4809.42351456889
589.25	4799.700671991147
589.5	4790.001612396228
589.75	4780.32627051332
590.	4770.674581270588
590.25	4761.0464797944605
590.5	4751.441901408974
590.75	4741.796672563658
591.	4732.0345264979105
591.25	4722.295614705853
591.5	4712.579874301141
591.75	4702.887242587789
592.	4693.217657059465
592.25	4683.571055398801
592.5	4673.947375476701
592.75	4664.346555351648
593.	4654.768533267274
593.25	4645.213247649389
593.5	4635.680637108922
593.75	4626.1706404418655
594.	4616.6831966285745
594.25	4607.21824483312
594.5	4597.775724402607
594.75	4588.35557486651
595.	4578.957735936007
595.25	4569.582147503316
595.5	4560.228749641043
595.75	4550.897482601511
596.	4541.588286816121
596.25	4532.301102894689
596.5	4523.035871624805
596.75	4513.792533971174
597.	4504.571031074984
597.25	4495.3713042532545
597.5	4486.193294998208
597.75	4477.036944976581
598.	4467.902196028986
598.25	4458.788990169329
598.5	4449.697269584177
598.75	4440.626976632141
599.	4431.57805384325
599.25	4422.550443918319
599.5	4413.544089728337
599.75	4404.558934313844
600.	4395.59492088432
600.25	4386.651992817571
600.5	4377.730093659109
600.75	4368.829167121556
601.	4359.949157084029
601.25	4351.090007591539
601.5	4342.25166285439
601.75	4333.434067247578
602.	4324.637165310189
602.25	4315.860901744817
602.5	4307.105221416954
602.75	4298.370069354416
603.	4289.655390746741
603.25	4280.961130944614
603.5	4272.287235459278
603.75	4263.6336499619465
604.	4255.000320283235
604.25	4246.387192412582
604.5	4237.794212497664
604.75	4229.2213268438345
605.	4220.6684819135435
605.25	4212.135624325759
605.5	4203.62270085537
605.75	4195.129658432662
606.	4186.656444142773
606.25	4178.203005225119
606.5	4169.76928907285
606.75	4161.355243232278
607.	4152.960815402338
607.25	4144.585953434035
607.5	4136.230605329883
607.75	4127.894719243367
608.	4119.578243478397
608.25	4111.281126488763
608.5	4103.003316877596
608.75	4094.7447633967795
609.	4086.505414946115
609.25	4078.2852205729537
609.5	4070.084129471875
609.75	4061.9020909825995
610.	4053.739054583619
610.25	4045.5949698969907
610.5	4037.4697866901106
610.75	4029.363454875188
611.	4021.275924508723
611.25	4013.207145791118
611.5	4005.157069067412
611.75	3997.1256448263453
612.	3989.112823699083
612.25	3981.1185564586826
612.5	3973.1427940372496
612.75	3965.1854875721388
613.	3957.246588356597
613.25	3949.326047824873
613.5	3941.423817551716
613.75	3933.5398492518784
614.	3925.674094779613
614.25	3917.8265061281772
614.5	3909.997035429341
614.75	3902.1856349528916
615.	3894.392257106143
615.25	3886.6168544334423
615.5	3878.8593796145046
615.75	3871.1197854514508
616.	3863.3980248734124
616.25	3855.6940509448095
616.5	3848.007816865014
616.75	3840.3392759678823
617.	3832.688381721264
617.25	3825.0550877265446
617.5	3817.4393477181534
617.75	3809.841115568857
618.	3802.2603453781635
618.25	3794.6969914575116
618.5	3787.1510082567947
618.75	3779.6223503616757
619.	3772.110972493131
619.25	3764.616829506993
619.5	3757.1398763934817
619.75	3749.6800682767607
620.	3742.237360414462
620.25	3734.8117081972205
620.5	3727.403067148245
620.75	3720.011392922872
621.	3712.636641308113
621.25	3705.2787682222156
621.5	3697.937729714208
621.75	3690.6134819634663
622.	3683.3059812790557
622.25	3676.0151840989065
622.5	3668.7410469898996
622.75	3661.483526647529
623.	3654.242579895484
623.25	3647.0181636852117
623.5	3639.81023509547
623.75	3632.6187513319123
624.	3625.4436697266524
624.25	3618.284947737474
624.5	3611.142542946127
624.75	3604.016413059129
625.	3596.906515907821
625.25	3589.8128094479603
625.5	3582.735251759289
625.75	3575.6738010451245
626.	3568.628415631932
626.25	3561.599053968913
626.5	3554.5856746275936
626.75	3547.5882363014057
627.	3540.606697805276
627.25	3533.6410180752155
627.5	3526.691156167891
627.75	3519.7570712602346
628.	3512.83872264905
628.25	3505.9360697505986
628.5	3499.0490721002016
628.75	3492.1776893518354
629.	3485.321881277734
629.25	3478.4816077679925
629.5	3471.656828830162
629.75	3464.847504588862
630.	3458.0535952853784
630.25	3451.27506127728
630.5	3444.511863038016
630.75	3437.7639611565323
631.	3431.031316336884
631.25	3424.313889397839
631.5	3417.6116412725055
631.75	3410.9245330079316
632.	3404.2525257647358
632.25	3397.595580816714
632.5	3390.9536595503287
632.75	3384.3267234641717
633.	3377.7147341688633
633.25	3371.1176533867138
633.5	3364.53544295135
633.75	3357.96806480734
634.	3351.4154810098203
634.25	3344.8776537241256
634.5	3338.354545225407
634.75	3331.846117898264
635.	3325.3523342363887
635.25	3318.873156842198
635.5	3312.4085484264733
635.75	3305.9584718079927
636.	3299.5228899131707
636.25	3293.1017657756947
636.5	3286.6950625361715
636.75	3280.302743441761
637.	3273.924771845827
637.25	3267.5611112075744
637.5	3261.2117250916986
637.75	3254.8765771680296
638.	3248.5556312111826
638.25	3242.2488511002075
638.5	3235.956200818232
638.75	3229.6776444521256
639.	3223.4131461921397
639.25	3217.1626703313514
639.5	3210.926181262651
639.75	3204.7036434793567
640.	3198.495021576926
640.25	3192.300280252658
640.5	3186.1193843053547
640.75	3179.9522986349803
641.	3173.7989882423253
641.25	3167.6594182286685
641.5	3161.5335537954466
641.75	3155.421360243912
642.	3149.3228029748075
642.25	3143.2378474880343
642.5	3137.1664593823143
642.75	3131.108604354783
643.	3125.0642482004137
643.25	3119.0333568119668
643.5	3113.0158961797447
643.75	3107.011832391261
644.	3101.0211316309264
644.25	3095.0437601797184
644.5	3089.079684414864
644.75	3083.1288708095185
645.	3077.191285932447
645.25	3071.266896447706
645.5	3065.3556691143276
645.75	3059.4575707860017
646.	3053.5725684107633
646.25	3047.7006290306795
646.5	3041.8417197815356
646.75	3035.9958078925224
647.	3030.162860685932
647.25	3024.342845576843
647.5	3018.535730072811
647.75	3012.741481773572
648.	3006.9600683707217
648.25	3001.1914576474232
648.5	2995.435617478098
648.75	2989.692515828129
649.	2983.9621207535533
649.25	2978.2444004007693
649.5	2972.539323006227
649.75	2966.846856896139
650.	2961.166970486174
650.25	2955.499632281167
650.5	2949.8448108748235
650.75	2944.2024749494203
651.	2938.572593275518
651.25	2932.955134711663
651.5	2927.350068204102
651.75	2921.7573627864876
652.	2916.17698757959
652.25	2910.6089117910096
652.5	2905.05310471489
652.75	2899.509535731625
653.	2893.9781743074363
653.25	2888.4589899940943
653.5	2882.9519524289854
653.75	2877.457031335916
654.	2871.9741965242297
654.25	2866.5034178881215
654.5	2861.0446654063617
654.75	2855.5979091420145
655.	2850.163119242163
655.25	2844.740265937629
655.5	2839.3293195426995
655.75	2833.930250454848
656.	2828.5430291544644
656.25	2823.1676262045844
656.5	2817.8040122506177
656.75	2812.452158020076
657.	2807.112034322305
657.25	2801.7836120482157
657.5	2796.4668621700152
657.75	2791.1617557409404
658.	2785.868263894991
658.25	2780.586357848737
658.5	2775.3160089112866
658.75	2770.0571884767924
659.	2764.809868019936
659.25	2759.5740190956594
659.5	2754.3496133389035
659.75	2749.13662246435
660.	2743.9350182661615
660.25	2738.7447726177265
660.5	2733.565857471399
660.75	2728.3982448582406
661.	2723.241906887774
661.25	2718.096815747717
661.5	2712.9629437037393
661.75	2707.8402630992027
662.	2702.7287463549123
662.25	2697.628365968866
662.5	2692.5390945159993
662.75	2687.4609046479354
663.	2682.3937690926405
663.25	2677.337660654199
663.5	2672.2925522126575
663.75	2667.25841672377
664.	2662.2352272187645
664.25	2657.2229568040916
664.5	2652.2215786611864
664.75	2647.2310660462213
665.	2642.251392289868
665.25	2637.2825307970543
665.5	2632.3244550467252
665.75	2627.3771385916025
666.	2622.440555057948
666.25	2617.5146781453273
666.5	2612.599481626365
666.75	2607.6949393465193
667.	2602.80102522384
667.25	2597.9177132487393
667.5	2593.0449774837493
667.75	2588.182792063298
668.	2583.3311311934767
668.25	2578.4899691518012
668.5	2573.6592802870687
668.75	2568.839039019342
669.	2564.029219839564
669.25	2559.2297973092936
669.5	2554.4407460604752
669.75	2549.6620407952123
670.	2544.893656285544
670.25	2540.1355673732205
670.5	2535.387748969476
670.75	2530.650176054808
671.	2525.922823678752
671.25	2521.2056669596636
671.5	2516.498681084493
671.75	2511.8018413085656
672.	2507.115122955363
672.25	2502.4385014163054
672.5	2497.771952150528
672.75	2493.1154506846246
673.	2488.468972612375
673.25	2483.832493594624
673.5	2479.205989359076
673.75	2474.589435700081
674.	2469.9828084784244
674.25	2465.386083620979
674.5	2460.7992371187615
674.75	2456.2222450272084
675.	2451.6550834673913
675.25	2447.097728625835
675.5	2442.550156754307
675.75	2438.0123441696164
676.	2433.484267253396
676.25	2428.9659024519005
676.5	2424.4572262757965
676.75	2419.9582152999624
677.	2415.468846163279
677.25	2410.989095568423
677.5	2406.5189402817755
677.75	2402.0583571350658
678.	2397.6073230251136
678.25	2393.1658149121363
678.5	2388.733809819501
678.75	2384.3112848335177
679.	2379.898217103249
679.25	2375.494583840301
679.5	2371.1003623186325
679.75	2366.715529874353
680.	2362.340063905524
680.25	2357.9739418719673
680.5	2353.617141295066
680.75	2349.26963975757
681.	2344.9314149034
681.25	2340.6024444374566
681.5	2336.282706125424
681.75	2331.9721777935774
682.	2327.670837328596
682.25	2323.378662677361
682.5	2319.095631846597
682.75	2314.8217229013208
683.	2310.5569139653103
683.25	2306.30118322187
683.5	2302.054508913667
683.75	2297.816869342538
684.	2293.5882428693035
684.25	2289.368607913583
684.5	2285.157942953607
684.75	2280.956226526035
685.	2276.7634372257667
685.25	2272.57955370576
685.5	2268.4045546768516
685.75	2264.238418907568
686.	2260.081125223947
686.25	2255.9326525093534
686.5	2251.7929797043043
686.75	2247.662085806282
687.	2243.5399498695565
687.25	2239.4265510050086
687.5	2235.3218683799487
687.75	2231.225881217941
688.	2227.1385687986226
688.25	2223.0599104575313
688.5	2218.9898855859287
688.75	2214.928473630618
689.	2210.8756540937798
689.25	2206.83140653279
689.5	2202.7957105600462
689.75	2198.7685458427977
690.	2194.749892102972
690.25	2190.739729117001
690.5	2186.7380367156516
690.75	2182.7447947838527
691.	2178.759983260527
691.25	2174.7835821384188
691.5	2170.815571463926
691.75	2166.8559313369315
692.	2162.904641910609
692.25	2158.961683391231
692.5	2155.0270360380523
692.75	2151.100680163141
693.	2147.182596131226
693.25	2143.272764359518
693.5	2139.3711653175546
693.75	2135.4777795270325
694.	2131.5925875616394
694.25	2127.7155700468984
694.5	2123.8467076597867
694.75	2119.9859811273523
695.	2116.133371227444
695.25	2112.288858789144
695.5	2108.4524246926135
695.75	2104.6240498689313
696.	2100.803715299934
696.25	2096.9914020180513
696.5	2093.1870911058195
696.75	2089.3907636956446
697.	2085.602400970059
697.25	2081.8219841615924
697.5	2078.0494945526143
697.75	2074.2849134751773
698.	2070.5282223108657
698.25	2066.7794024906375
698.5	2063.0384354946705
698.75	2059.305302852209
699.	2055.579986141409
699.25	2051.862466989188
699.5	2048.1527270710703
699.75	2044.450748111036
700.	2040.7565118813677
700.25	2037.0700002025042
700.5	2033.3911949428855
700.75	2029.720078018805
701.	2026.056631393615
701.25	2022.400837070557
701.5	2018.7526770953243
701.75	2015.1121335609052
702.	2011.4791886075516
702.25	2007.853824422627
702.5	2004.236023240467
702.75	2000.6257673422283
703.	1997.0230390557495
703.25	1993.427820755398
703.5	1989.8400948619328
703.75	1986.2598438423563
704.	1982.6870502097718
704.25	1979.1216965232434
704.5	1975.5637653876458
704.75	1972.013239453532
705.	1968.4701014169834
705.25	1964.9343340194741
705.5	1961.4059200477263
705.75	1957.884842333573
706.	1954.3710837538156
706.25	1950.864627230086
706.5	1947.3654557284347
706.75	1943.873552256297
707.	1940.388899863535
707.25	1936.9114816443446
707.5	1933.4412807371577
707.75	1929.9782803244998
708.	1926.522463632857
708.25	1923.0738139325388
708.5	1919.6323145375443
708.75	1916.1979488054264
709.	1912.7707001371575
709.25	1909.3505519769951
709.5	1905.9374878123485
709.75	1902.5314911736461
710.	1899.1325456341103
710.25	1895.7406348095224
710.5	1892.3557423582738
710.75	1888.9778519812417
711.	1885.606947421655
711.25	1882.243012464983
711.5	1878.886030938808
711.75	1875.5359867126926
712.	1872.1928636980535
712.25	1868.8566458480323
712.5	1865.5273171573651
712.75	1862.2048616622546
713.	1858.8892634402453
713.25	1855.5805066100936
713.5	1852.2785753316396
713.75	1848.9834538056857
714.	1845.6951262738526
714.25	1842.41357701769
714.5	1839.1387903581688
714.75	1835.870750656666
715.	1832.6094423149439
715.25	1829.3548497750267
715.5	1826.1069575190752
715.75	1822.8657500692645
716.	1819.6312119876625
716.25	1816.4033278761049
716.5	1813.1820823760747
716.75	1809.9674601685815
717.	1806.759445974036
717.25	1803.5580245521364
717.5	1800.36318070174
717.75	1797.1748992607486
718.	1793.993165105988
718.25	1790.8179631530852
718.5	1787.6492783563535
718.75	1784.4870957086716
719.	1781.3314002413674
719.25	1778.1821770240979
719.5	1775.0394111647327
719.75	1771.9030878092367
720.	1768.7731921415375
720.25	1765.649709383413
720.5	1762.5326247943894
720.75	1759.4219236716256
721.	1756.3175913498
721.25	1753.219613200991
721.5	1750.1279746345674
721.75	1747.0426610970712
722.	1743.9636580721058
722.25	1740.8909510802207
722.5	1737.8245256788002
722.75	1734.7643674619496
723.	1731.7104620603834
723.25	1728.6627951413147
723.5	1725.62135240834
723.75	1722.5861196013316
724.	1719.5570824963243
724.25	1716.534226905408
724.5	1713.5175386766125
724.75	1710.5070036938032
725.	1707.5026078765673
725.25	1704.5043371801075
725.5	1701.5121775951309
725.75	1698.5261151477441
726.	1695.5461358993393
726.25	1692.5722259464942
726.5	1689.6043714208572
726.75	1686.6425584890453
727.	1683.6867733525344
727.25	1680.7370022475566
727.5	1677.793231444989
727.75	1674.8554472502517
728.	1671.923636003203
728.25	1668.9977840780311
728.5	1666.0778778831518
728.75	1663.163903861103
729.	1660.2558484884337
729.25	1657.3536982755932
729.5	1654.457439766845
729.75	1651.5670595401598
730.	1648.6825442071183
730.25	1645.8038804128025
730.5	1642.9310548356991
730.75	1640.0640541875953
731.	1637.2028652134748
731.25	1634.3474746914242
731.5	1631.497869432524
731.75	1628.6540362807527
732.	1625.8159621128852
732.25	1622.9836338383939
732.5	1620.1570383993492
732.75	1617.3361627703175
733.	1614.520993958266
733.25	1611.7115190024394
733.5	1608.9077249741779
733.75	1606.1095989768978
734.	1603.3171281460257
734.25	1600.5302996488797
734.5	1597.7491006832556
734.75	1594.9735184766678
735.	1592.2035402881447
735.25	1589.4391534083065
735.5	1586.6803451592639
735.75	1583.9271028945288
736.	1581.1794139989163
736.25	1578.4372658885063
736.5	1575.7006460109108
736.75	1572.9695418449721
737.	1570.2439409005044
737.25	1567.5238307182005
737.5	1564.8091988695844
737.75	1562.1000329656558
738.	1559.396320667165
738.25	1556.698049668132
738.5	1554.0052076932857
738.75	1551.3177824979732
739.	1548.6357618680677
739.25	1545.9591336198757
739.5	1543.2878856000473
739.75	1540.6220056854856
740.	1537.961481783254
740.25	1535.3063018304867
740.5	1532.6564537943004
740.75	1530.0119256717028
741.	1527.3727054895016
741.25	1524.7387813041794
741.5	1522.1101411991253
741.75	1519.4867732829046
742.	1516.8686656932084
742.25	1514.2558065971778
742.5	1511.6481841913123
742.75	1509.0457867013847
743.	1506.4486023823515
743.25	1503.8566195182696
743.5	1501.2698264222029
743.75	1498.6882114361454
744.	1496.1117629308187
744.25	1493.5404693007135
744.5	1490.9743189622955
744.75	1488.4133003607235
745.	1485.857401970308
745.25	1483.3066122944304
745.5	1480.7609198654568
745.75	1478.2203132446582
746.	1475.6847810221263
746.25	1473.1543118166906
746.5	1470.6288942758365
746.75	1468.1085170756203
747.	1465.593168920584
747.25	1463.0828385436766
747.5	1460.577514706181
747.75	1458.077186197627
748.	1455.5818418357142
748.25	1453.0914704662287
748.5	1450.6060609629662
748.75	1448.1256022276477
749.	1445.6500831898388
749.25	1443.1794928067359
749.5	1440.7138200631002
749.75	1438.253053971309
750.	1435.7971835712822
750.25	1433.3461979304009
750.5	1430.9000861434329
750.75	1428.4588373324536
751.	1426.0224406467667
751.25	1423.590885262827
751.5	1421.1641603841636
751.75	1418.7422552412843
752.	1416.3251590912023
752.25	1413.9128612173713
752.5	1411.5053509300121
752.75	1409.102617566061
753.	1406.7046504890914
753.25	1404.3114390892374
753.5	1401.9229727831191
753.75	1399.5392410137658
754.	1397.1602332505452
754.25	1394.785938989082
754.5	1392.4163477511888
754.75	1390.051449084788
755.	1387.6912325638405
755.25	1385.33568778827
755.5	1382.984804383886
755.75	1380.6385720023084
756.	1378.296980320901
756.25	1375.960019042694
756.5	1373.6276778963181
756.75	1371.2999466359258
757.	1368.976815041122
757.25	1366.6582729168924
757.5	1364.3443100935278
757.75	1362.034916426557
758.	1359.7300817966716
758.25	1357.429796109656
758.5	1355.1340492963163
758.75	1352.84283131241
759.	1350.5561321385724
759.25	1348.27394178025
759.5	1345.9962502676271
759.75	1343.723047655557
760.	1341.454324023492
760.25	1339.190069475414
760.5	1336.9302741397632
760.75	1334.6749281693724
761.	1332.424021741393
761.25	1330.1775450572306
761.5	1327.9354883424744
761.75	1325.6978418467975
762.	1323.4645958438184
762.25	1321.23574063112
762.5	1319.0112665302033
762.75	1316.7911638864186
763.	1314.5754230688967
763.25	1312.3640344704847
763.5	1310.156988507677
763.75	1307.9542756205483
764.	1305.7558862726883
764.25	1303.5618109511286
764.5	1301.372040166282
764.75	1299.1865644518757
765.	1297.0053743648864
765.25	1294.8284604854762
765.5	1292.6558134169254
765.75	1290.4874237855674
766.	1288.3232822407244
766.25	1286.1633794546417
766.5	1284.0077061224247
766.75	1281.8562529619705
767.	1279.709010713909
767.25	1277.5659701415332
767.5	1275.4271220307398
767.75	1273.292457189963
768.	1271.1619664501115
768.25	1269.0356406645044
768.5	1266.9134707088097
768.75	1264.7954474809796
769.	1262.6815619011893
769.25	1260.571804911773
769.5	1258.4661674771608
769.75	1256.3646405838192
770.	1254.2672152400196
770.25	1252.1738824748927
770.5	1250.084633339037
770.75	1247.9994589048833
771.	1245.9183502666328
771.25	1243.841298540197
771.5	1241.7682948631355
771.75	1239.699330394597
772.	1237.6343963152567
772.25	1235.573483827258
772.5	1233.5165841541502
772.75	1231.463688540829
773.	1229.414788253478
773.25	1227.3698745795066
773.5	1225.3289388274932
773.75	1223.2919723271227
774.	1221.2589664291281
774.25	1219.229912505163
774.5	1217.2048019477384
774.75	1215.1836261702392
775.	1213.1663766068705
775.25	1211.1530447125997
775.5	1209.1436219630966
775.75	1207.1380998546779
776.	1205.136469904247
776.25	1203.138723649238
776.5	1201.1448526475567
776.75	1199.1548484775255
777.	1197.1687027378243
777.25	1195.1864070474332
777.5	1193.207953045578
777.75	1191.2333323916716
778.	1189.2625367652574
778.25	1187.295557865955
778.5	1185.3323874134016
778.75	1183.373017147198
779.	1181.4174388268507
779.25	1179.465644231718
779.5	1177.5176251609546
779.75	1175.5733734334544
780.	1173.6328808877968
780.25	1171.696139382192
780.5	1169.7631407944245
780.75	1167.8338770218006
781.	1165.9083399810913
781.25	1163.9865216084822
781.5	1162.0684138595159
781.75	1160.154008709039
782.	1158.2432981511497
782.25	1156.336274199141
782.5	1154.432928885449
782.75	1152.5332542615997
783.	1150.6372423981543
783.25	1148.7448853846577
783.5	1146.856175329584
783.75	1144.9711043602845
784.	1143.0896646229357
784.25	1141.2118482824856
784.5	1139.3376475226014
784.75	1137.467054545619
785.	1135.6000615724877
785.25	1133.7366608427221
785.5	1131.8768446143479
785.75	1130.0206051638506
786.	1128.1679347861245
786.25	1126.3188257944187
786.5	1124.4732705202364
786.75	1122.631261313303
787.	1120.79279054156
787.25	1118.9578505913848
787.5	1117.1264338675962
787.75	1115.298532793154
788.	1113.4741398090985
788.25	1111.6532473744999
788.5	1109.8358479664075
788.75	1108.0219340797998
789.	1106.2114982275366
789.25	1104.4045329403068
789.5	1102.6010307665806
789.75	1100.800984272559
790.	1099.004386042124
790.25	1097.2112286767936
790.5	1095.4215047956693
790.75	1093.6352070353907
791.	1091.8523280500847
791.25	1090.0728605113175
791.5	1088.2967971080473
791.75	1086.5241305465759
792.	1084.7548535504998
792.25	1082.9889588606636
792.5	1081.226439235111
792.75	1079.467287449244
793.	1077.7114962987112
793.25	1075.9590585987914
793.5	1074.2099671820486
793.75	1072.4642148982207
794.	1070.7217946141743
794.25	1068.9826992138583
794.5	1067.246921598255
794.75	1065.5144546853371
795.	1063.7852914100185
795.25	1062.0594247241092
795.5	1060.336847596269
795.75	1058.6175530119622
796.	1056.9015339734106
796.25	1055.1887834995498
796.5	1053.4792946259809
796.75	1051.7730604049277
797.	1050.0700739051904
797.25	1048.3703282120998
797.5	1046.6738164274734
797.75	1044.9805316695688
798.	1043.2904670730404
798.25	1041.6036157888911
798.5	1039.9199709844013
798.75	1038.2395258430845
799.	1036.562273564676
799.25	1034.888207365088
799.5	1033.2173204763656
799.75	1031.5496061466447
800.	1029.8850576401055
800.25	1028.2236682369312
800.5	1026.565431233264
800.75	1024.9103399411606
801.	1023.2583876885503
801.25	1021.6095678191914
801.5	1019.9638736926272
801.75	1018.3212986841452
802.	1016.6818361847323
802.25	1015.0454796010337
802.5	1013.4122223553089
802.75	1011.7820578853908
803.	1010.1549796446425
803.25	1008.530981101915
803.5	1006.9100557415054
803.75	1005.2921970631168
804.	1003.6773985818118
804.25	1002.0656538279762
804.5	1000.4569563472745
804.75	998.8512997006083
805.	997.2486774640774
805.25	995.6490832289855
805.5	994.0525106018175
805.75	992.4589532041621
806.	990.8684046726677
806.25	989.2808586589994
806.5	987.6963088298019
806.75	986.114748866657
807.	984.5361724660437
807.25	982.9605733392987
807.5	981.387945212575
807.75	979.8182818268032
808.	978.2515769376499
808.25	976.6878243154796
808.5	975.1270177453133
808.75	973.569151026791
809.	972.0142179741298
809.25	970.462212416086
809.5	968.913128195916
809.75	967.3669591713361
810.	965.8236992144838
810.25	964.2833422118673
810.5	962.7458820643067
810.75	961.2113126869234
811.	959.679628009108
811.25	958.1508219744803
811.5	956.6248885408515
811.75	955.1018216801873
812.	953.5816153785655
812.25	952.0642636358442
812.5	950.5497604652271
812.75	949.0380998938402
813.	947.5292759627939
813.25	946.0232827271464
813.5	944.5201142558649
813.75	943.0197646317886
814.	941.5222279515934
814.25	940.02749832575
814.5	938.5355698784919
814.75	937.046436747775
815.	935.5600930852423
815.25	934.0765330561866
815.5	932.5957508395151
815.75	931.1177406277097
816.	929.6424966268144
816.25	928.1700130569176
816.5	926.7002841522159
816.75	925.2333041604589
817.	923.7690673428879
817.25	922.3075679741952
817.5	920.848800342493
817.75	919.3927587492752
818.	917.9394375093823
818.25	916.4888309509647
818.5	915.0409334154504
818.75	913.5957392575046
819.	912.1532428449997
819.25	910.7134385589769
819.5	909.2763207936117
819.75	907.841883956179
820.	906.4101224670197
820.25	904.9810307595028
820.5	903.5546032799937
820.75	902.130834487818
821.	900.7097188552276
821.25	899.2912508673662
821.5	897.8754250222339
821.75	896.4622358306549
822.	895.0516778162092
822.25	893.6437455148257
822.5	892.2384334747919
822.75	890.835736257092
823.	889.4356484353879
823.25	888.038164595988
823.5	886.6432793378099
823.75	885.2509872723507
824.	883.8612830236514
824.25	882.4741612282634
824.5	881.0896165352185
824.75	879.7076436059906
825.	878.3282371144672
825.25	876.9513917469151
825.5	875.5771022019466
825.75	874.2053631904876
826.	872.8361694357448
826.25	871.4695156731739
826.5	870.1053966504469
826.75	868.7438071274177
827.	867.3847418760924
827.25	866.0281956805973
827.5	864.6741633371443
827.75	863.3226396540002
828.	861.973619451456
828.25	860.6270975617937
828.5	859.2830688292543
828.75	857.9415281100072
829.	856.6024702721173
829.25	855.265890195516
829.5	853.9317827719673
829.75	852.6001429050363
830.	851.2709655100606
830.25	849.944245514116
830.5	848.6199778559894
830.75	847.2981574861427
831.	845.9787793666865
831.25	844.6618384713473
831.5	843.3473297854366
831.75	842.0352483058213
832.	840.7255890408918
832.25	839.4183470105337
832.5	838.1135172460946
832.75	836.811094790356
833.	835.5110746975029
833.25	834.213452033092
833.5	832.9182218740126
833.75	831.6253793084547
834.	830.3349194358907
834.25	829.0468373670482
834.5	827.7611282238788
834.75	826.4777871395291
835.	825.1968092583126
835.25	823.9181897356762
835.5	822.641923738176
835.75	821.3680064434437
836.	820.0964330401598
836.25	818.8271987280234
836.5	817.560298717641
836.75	816.2957282301145
837.	815.0334824973286
837.25	813.773556762084
837.5	812.515946278071
837.75	811.26064630984
838.	810.0076521327735
838.25	808.7569590330561
838.5	807.5085623076477
838.75	806.2624572642173
839.	805.0186392209798
839.25	803.7771035067941
839.5	802.5378454611904
839.75	801.3008604343382
840.	800.0661437870225
840.25	798.8336908906125
840.5	797.6034971270366
840.75	796.3755578887516
841.	795.1498685787193
841.25	793.926424610374
841.5	792.7052214075994
841.75	791.4862544046975
842.	790.2695190463643
842.25	789.0550107876603
842.5	787.8427250939843
842.75	786.6326574410474
843.	785.4248033148425
843.25	784.2191582116216
843.5	783.0157176378656
843.75	781.8144771102592
844.	780.6154321556629
844.25	779.4185783110538
844.5	778.223911121881
844.75	777.0314261413733
845.	775.8411189326782
845.25	774.6529850690235
845.5	773.467020133694
845.75	772.2832197200047
846.	771.1015794312766
846.25	769.922094880809
846.5	768.7447616918524
846.75	767.5695754975852
847.	766.396531941087
847.25	765.2256266753112
847.5	764.056855363062
847.75	762.8902136769656
848.	761.7256972994476
848.25	760.5633019227053
848.5	759.4030232486834
848.75	758.2448569890489
849.	757.0887988651641
849.25	755.9348446080631
849.5	754.7829899584264
849.75	753.6332306665544
850.	752.4855624923441
850.25	751.3399812052629
850.5	750.196482584325
850.75	749.0550624180645
851.	747.9157165043187
851.25	746.7784406492663
851.5	745.6432306681425
851.75	744.5100823856291
852.	743.3789916358294
852.25	742.2423096063056
852.5	741.0837165018705
852.75	739.9271713076959
853.	738.7726699606617
853.25	737.6202084067263
853.5	736.4697826009019
853.75	735.3213885072327
854.	734.1750220987697
854.25	733.0306793575489
854.5	731.8883562745674
854.75	730.7480488497596
855.	729.60975309197
855.25	728.4734650188684
855.5	727.3391806569545
855.75	726.2068960415755
856.	725.0766072169024
856.25	723.9483102359023
856.5	722.8220011603216
856.75	721.6976760606666
857.	720.575331016178
857.25	719.4549621148117
857.5	718.336565453213
857.75	717.2201371366975
858.	716.1056732792251
858.25	714.9931700033809
858.5	713.8826234403513
858.75	712.7740297299002
859.	711.667385020352
859.25	710.5626854685634
859.5	709.4599272399051
859.75	708.3591065082394
860.	707.2602194558926
860.25	706.1632622733895
860.5	705.0682311593132
860.75	703.9751223206325
861.	702.8839319727124
861.25	701.7946563392923
861.5	700.707291652464
861.75	699.6218341526509
862.	698.5382800885855
862.25	697.456625717289
862.5	696.3768673040495
862.75	695.2990011224008
863.	694.2230234541018
863.25	693.1489305891143
863.5	692.0767188255824
863.75	691.0063844698115
864.	689.9379238362469
864.25	688.8713332474541
864.5	687.806609034097
864.75	686.7437475349159
865.	685.682745096709
865.25	684.6235980743111
865.5	683.5663028305711
865.75	682.5108557363345
866.	681.4572531704198
866.25	680.4054915196003
866.5	679.3555671785824
866.75	678.3074765499854
867.	677.2612160443206
867.25	676.2167820799654
867.5	675.1741710831487
867.75	674.1333794879318
868.	673.094403736188
868.25	672.0572402775834
868.5	671.021885569557
868.75	669.9883360772986
869.	668.9565882737322
869.25	667.9266386394938
869.5	666.8984836629122
869.75	665.8721198399898
870.	664.8475436743814
870.25	663.8247516773774
870.5	662.803740367881
870.75	661.7845062723909
871.	660.7670459249807
871.25	659.7513558672797
871.5	658.737432648455
871.75	657.7252728251887
872.	656.7148729616624
872.25	655.7062296295362
872.5	654.6993394079293
872.75	653.6941988834011
873.	652.6908046499327
873.25	651.6891533089081
873.5	650.6892414690931
873.75	649.6910657466194
874.	648.6946227649636
874.25	647.699909154929
874.5	646.7069215546275
874.75	645.7156566094596
875.	644.7261109720968
875.25	643.7382813024624
875.5	642.7521642677135
875.75	641.7677565422217
876.	640.7850548075551
876.25	639.8040557524607
876.5	638.8247560728436
876.75	637.8471524717513
877.	636.8712416593547
877.25	635.8970203529288
877.5	634.9244852768352
877.75	633.9536331625047
878.	632.9844607484165
878.25	632.0169647800769
878.5	631.0511420100079
878.75	630.0869891977275
879.	629.1245031097334
879.25	628.1636805194838
879.5	627.2045182073804
879.75	626.2470129607512
880.	625.2911615738303
880.25	624.3369608477443
880.5	623.3844075904907
880.75	622.4334986169224
881.	621.4842307487306
881.25	620.5366008144259
881.5	619.5906056493217
881.75	618.6462420955168
882.	617.7035070018777
882.25	616.7623972240217
882.5	615.8229096242998
882.75	614.885041071779
883.	613.9487884422249
883.25	613.0141486180647
883.5	612.0811184883586
883.75	611.1496949488129
884.	610.2198749017665
884.25	609.2916552561735
884.5	608.3650329274963
884.75	607.4400048370816
885.	606.516567912526
885.25	605.5947190879883
885.5	604.6744553041751
885.75	603.7557735083235
886.	602.8386706541855
886.25	601.9231437020104
886.5	601.0091896185287
886.75	600.0968053769454
887.	599.1859879570098
887.25	598.2767343449643
887.5	597.3690415334787
887.75	596.4629065216335
888.	595.5583263149039
888.25	594.6552979251427
888.5	593.7538183719851
888.75	592.8538846876809
889.	591.9554939125945
889.25	591.0586430934788
889.5	590.1633292834615
889.75	589.2695495420268
890.	588.3773009350014
890.25	587.4865805345377
890.5	586.597385419098
890.75	585.7097126734394
891.	584.8235593885962
891.25	583.9389226618667
891.5	583.0557995967949
891.75	582.174187303157
892.	581.2940828969444
892.25	580.4154835003483
892.5	579.538386241745
892.75	578.6627882556794
893.	577.7886866824215
893.25	576.9160786668103
893.5	576.0449613594657
893.75	575.175331917138
894.	574.3071875026936
894.25	573.4405252850986
894.5	572.5753424394035
894.75	571.7116361467291
895.	570.8494035942508
895.25	569.9886419751832
895.5	569.1293484887653
895.75	568.2715203402457
896.	567.4151547408676
896.25	566.560248907256
896.5	565.7068000581274
896.75	564.8548054166025
897.	564.004262211729
897.25	563.1551676784703
897.5	562.3075190576917
897.75	561.4613135961471
898.	560.6165485464626
898.25	559.7732211671238
898.5	558.9313287224608
898.75	558.0908684826335
899.	557.2518377236194
899.25	556.4142337271965
899.5	555.5780537809294
899.75	554.743295178155
900.	553.9099552179694
900.25	553.0780312052152
900.5	552.2475204504666
900.75	551.4184202700163
901.	550.5907279858601
901.25	549.7644409256849
901.5	548.9395564228535
901.75	548.1160718163917
902.	547.2939844509732
902.25	546.4732916768963
902.5	545.6539908500254
902.75	544.8360793318166
903.	544.0195544893234
903.25	543.2044136951822
903.5	542.3906543275989
903.75	541.5782737703357
904.	540.7672694126975
904.25	539.9576386495178
904.5	539.1493788811463
904.75	538.3424875134345
905.	537.536961957723
905.25	536.7327996308281
905.5	535.9299979550152
905.75	535.128554357839
906.	534.3284662721887
906.25	533.52973113638
906.5	532.7323463941448
906.75	531.9363094946161
907.	531.1416178923175
907.25	530.3482690471485
907.5	529.5562604243717
907.75	528.7655894945999
908.	527.9762537337832
908.25	527.1882506231965
908.5	526.4015776494258
908.75	525.616232304356
909.	524.8322120851576
909.25	524.049514494274
909.5	523.2681370394091
909.75	522.4880772335142
910.	521.7093325947743
910.25	520.931900646595
910.5	520.1557789175913
910.75	519.3809649415754
911.	518.607456257544
911.25	517.8352504096657
911.5	517.0643449472691
911.75	516.2947374248286
912.	515.5264254019538
912.25	514.7594064433772
912.5	513.9936781189394
912.75	513.2292380035801
913.	512.4660836773226
913.25	511.70421272526374
913.5	510.9436227375609
913.75	510.1843113094193
914.	509.4262760410811
914.25	508.6695145378115
914.5	507.91402440988804
914.75	507.1598032725878
915.	506.4068487461755
915.25	505.6551584558915
915.5	504.90473003193944
915.75	504.15556110947506
916.	503.4076493285936
916.25	502.66099233431765
916.5	501.91558777658577
916.75	501.17143331024107
917.	500.42852659501807
917.25	499.6868652955316
917.5	498.9464470812522
917.75	498.2072696264746
918.	497.46933061033536
918.25	496.73262771680606
918.5	495.9971586346817
918.75	495.26292105756943
919.	494.5299126838764
919.25	493.79813121679814
919.5	493.0675743643077
919.75	492.33823983914374
920.	491.6101253587988
920.25	490.8832286455079
920.5	490.1575474262362
920.75	489.4330794326676
921.	488.70982240119525
921.25	487.9877740729088
921.5	487.26693219358424
921.75	486.5472945136726
922.	485.8288587882876
922.25	485.11162277719575
922.5	484.39558424480435
922.75	483.68074096015033
923.	482.96709069689007
923.25	482.2546312332865
923.5	481.5433603522
923.75	480.83327584107565
924.	480.1243754919332
924.25	479.4166571013563
924.5	478.7101184704805
924.75	478.0047574049827
925.	477.30057171507076
925.25	476.59755921547224
925.5	475.8957177254234
925.75	475.1950450686584
926.	474.4955390733987
926.25	473.7971975723418
926.5	473.10001840265136
926.75	472.40399940594574
927.	471.7091384282874
927.25	471.01543332017206
927.5	470.32288193638885
927.75	469.63148213581
928.	468.941231781666
928.25	468.2521287415911
928.5	467.56417088761134
928.75	466.8773560961347
929.	466.1916822479399
929.25	465.50714722816736
929.5	464.82374892630673
929.75	464.14148523618843
930.	463.46035405597195
930.25	462.7803532881362
930.5	462.1014808394687
930.75	461.42373462105604
931.	460.7471125482724
931.25	460.07161254077045
931.5	459.39723252247046
931.75	458.7239704215502
932.	458.05182417043494
932.25	457.3807917057865
932.5	456.71087096847566
932.75	456.0420599035661
933.	455.3743564603286
933.25	454.70775859223215
933.5	454.04226425693435
933.75	453.3778714162707
934.	452.71457803624577
934.25	452.05238208702184
934.5	451.39128154291024
934.75	450.73127438236037
935.	450.0723585879512
935.25	449.41453214637954
935.5	448.7577930484522
935.75	448.102139289074
936.	447.4475688672405
936.25	446.7940797860261
936.5	446.14167005257525
936.75	445.49033767809306
937.	444.84008067783464
937.25	444.19089707109623
937.5	443.54278488120536
937.75	442.8957421355112
938.	442.24976686537474
938.25	441.60485710615956
938.5	440.961010897222
938.75	440.31822628190247
939.	439.6765013075144
939.25	439.0358340253359
939.5	438.39622249060056
939.75	437.7576647624871
940.	437.12015890411
940.25	436.48370298251143
940.5	435.8482950686504
940.75	435.2139332373939
941.	434.5806155675086
941.25	433.94834014165014
941.5	433.31710504635515
941.75	432.6869083720312
942.	432.0577482129474
942.25	431.4296226672257
942.5	430.80252983683215
942.75	430.1764678275665
943.	429.5514347490537
943.25	428.9274287147353
943.5	428.3044478418596
943.75	427.6824902514731
944.	427.061554068411
944.25	426.4416374212883
944.5	425.8227384424917
944.75	425.20485526816884
945.	424.58798603822106
945.25	423.9721288962936
945.5	423.3572819897668
945.75	422.74344346974755
946.	422.13061149105977
946.25	421.5187842122364
946.5	420.90795979550984
946.75	420.2981364068035
947.	419.689312215722
947.25	419.08148539552934
947.5	418.4746541231416
947.75	417.8688165791323
948.	417.26397094773813
948.25	416.6601154169536
948.5	416.05724817847005
948.75	415.45536742762096
949.	414.85447136337206
949.25	414.2545581883138
949.5	413.6556261086519
949.75	413.05767333419936
950.	412.46069807836767
950.25	411.8646985581584
950.5	411.2696729941545
950.75	410.67561961051257
951.	410.0825366349529
951.25	409.49042229875226
951.5	408.8992748367348
951.75	408.3090924872647
952.	407.71987349223684
952.25	407.1316160970695
952.5	406.54431855069544
952.75	405.9579791055535
953.	405.3725960175806
953.25	404.78816754620334
953.5	404.2046919543299
953.75	403.6221675083419
954.	403.04059247808584
954.25	402.4599651368655
954.5	401.880283761433
954.75	401.3015466319857
955.	400.72375203270354
955.25	400.14689825231983
955.5	399.570983583168
955.75	398.9960063210441
956.	398.4219647651986
956.25	397.84885721832876
956.5	397.27668198657005
956.75	396.7054373794891
957.	396.13512171007477
957.25	395.56573329473076
957.5	394.99727045326745
957.75	394.4297315088946
958.	393.86311478821267
958.25	393.297418621205
958.5	392.73264134123076
958.75	392.1687812850165
959.	391.6058367926486
959.25	391.0438062075649
959.5	390.4826878765482
959.75	389.922480149717
960.	389.363181380519
960.25	388.80478992572273
960.5	388.2473041454099
960.75	387.6907224029681
961.	387.13504306508213
961.25	386.58026450172775
961.5	386.0263850861615
961.75	385.4734031949034
962.	384.92131720773335
962.25	384.3701255076912
962.5	383.819826481071
962.75	383.27041851741154
963.	382.72190000949064
963.25	382.1742693533164
963.5	381.6275249481203
963.75	381.0816651963497
964.	380.5366885036602
964.25	379.99259327890866
964.5	379.44937793414493
964.75	378.90704088460586
965.	378.3655805487064
965.25	377.82499534803327
965.5	377.2852837073376
965.75	376.7464440545269
966.	376.20847482065835
966.25	375.6713744399317
966.5	375.1351413496815
966.75	374.59977399037007
967.	374.0652708055802
967.25	373.53163024200836
967.5	372.9988507494568
967.75	372.466930780827
968.	371.9358687921122
968.25	371.4056632423904
968.5	370.8763125938171
968.75	370.34781531161843
969.	369.82016986408365
969.25	369.29337472255867
969.5	368.7674283614385
969.75	368.24232925816534
970.	367.7180758932376
970.25	367.19466675019163
970.5	366.6721003155925
970.75	366.15037507902605
971.	365.6294895330928
971.25	365.10944217340057
971.5	364.59023149855767
971.75	364.0718560101659
972.	363.55431421281406
972.25	363.037604614071
972.5	362.52172572447824
972.75	362.0066760575438
973.	361.49245412973505
973.25	360.9790584604716
973.5	360.4664875721195
973.75	359.95473998998347
974.	359.4438142423005
974.25	358.93370886023325
974.5	358.42442237786315
974.75	357.91595333218356
975.	357.4083002630937
975.25	356.9014617133912
975.5	356.39543622876596
975.75	355.8902223577927
976.	355.3858186519171
976.25	354.8822236654506
976.5	354.37943595557107
976.75	353.8774540823158
977.	353.37627660857504
977.25	352.8759021000855
977.5	352.37632912542387
977.75	351.877556256
978.	351.37958206605134
978.25	350.88240513257875
978.5	350.3860240351693
978.75	349.89043735616315
979.	349.3956436807075
979.25	348.9016415967493
979.5	348.40842969502995
979.75	347.9160065690775
980.	347.4243708152017
980.25	346.93352103248674
980.5	346.44345582278487
980.75	345.95417379071085
981.	345.4656735436344
981.25	344.9779536916752
981.5	344.49101284769574
981.75	344.0048496272955
982.	343.51946264880445
982.25	343.03485053327694
982.5	342.55101190448545
982.75	342.0679453889145
983.	341.5856496158269
983.25	341.1041232174317
983.5	340.62336482870285
983.75	340.1433730873254
984.	339.6641466336907
984.25	339.1856841108885
984.5	338.7079841647023
984.75	338.2310454436027
985.	337.754866598741
985.25	337.27944628394414
985.5	336.80478315570724
985.75	336.33087587318875
986.	335.8577230982039
986.25	335.3853234952188
986.5	334.9136757313444
986.75	334.4427784763304
987.	333.9726304025598
987.25	333.50323018504196
987.5	333.0345765014079
987.75	332.5666680319034
988.	332.09950345938347
988.25	331.63308146930655
988.5	331.16740074972824
988.75	330.702459991296
989.	330.23825788724275
989.25	329.7747931333813
989.5	329.3120644280987
989.75	328.8500704723498
990.	328.38880996964764
990.25	327.9282816259857
990.5	327.4684841497566
990.75	327.00941625188386
991.	326.55107664583693
991.25	326.0934640476249
991.5	325.63657717579144
991.75	325.1804147514085
992.	324.724975498071
992.25	324.270258141891
992.5	323.8162614114922
992.75	323.36298403800373
993.	322.91042475505526
993.25	322.45858229877115
993.5	322.00745540776444
993.75	321.55704282313155
994.	321.10734328844666
994.25	320.6583555497565
994.5	320.21007835557407
994.75	319.76251045687366
995.	319.3156506070849
995.25	318.86949756208753
995.5	318.424050080206
995.75	317.97930692220365
996.	317.5352668512773
996.25	317.09192863305185
996.5	316.64929103557523
996.75	316.2073528293115
997.	315.76611278713773
997.25	315.3255696843365
997.5	314.8857222985912
997.75	314.44656940998124
998.	314.0081098009761
998.25	313.5703422564295
998.5	313.13326556357504
998.75	312.6968785120203
999.	312.2611798937412
999.25	311.8261685030778
999.5	311.39184313672723
999.75	310.95820259374045
1000.	310.52524567551495