1	1.3415657246020212e10
2	2.7129153234932647e9
3	1.2306746614326172e9
4	7.357704298026887e8
5	4.727647503368738e8
6	3.3275599156176484e8
7	2.4527218026596448e8
8	1.870461506249583e8
9	1.4637530936648378e8
10	1.1708409281967694e8
11	9.532915582509221e7
12	7.869977340399678e7
13	6.586680903509816e7
14	5.572440634211604e7
15	4.753597880813464e7
16	4.099216984162621e7
17	3.5574094816632725e7
18	3.1043765774905972e7
19	2.732860488731945e7
20	2.4179465962653387e7
21	2.1479147041051377e7
22	1.9157079100342266e7
23	1.7199323913756855e7
24	1.5498981170089709e7
25	1.40106007448642e7
26	1.269826850790742e7
27	1.1537967477157386e7
28	1.05384246874132e7
29	9.651275469305951e6
30	8.859742403667303e6
31	8.150037063741911e6
32	7.510743382776339e6
33	6.932366817269516e6
34	6.415378015795432e6
35	5.95534424342334e6
36	5.538107158723417e6
37	5.15842592292411e6
38	4.811827004066945e6
39	4.494476178351498e6
40	4.203082896781951e6
41	3.9348080074971383e6
42	3.6871907099732533e6
43	3.463768263632973e6
44	3.2593030089988e6
45	3.0704800778336404e6
46	2.8957400068909572e6
47	2.7337108234877395e6
48	2.5831845187771735e6
49	2.4430925494626276e6
50	2.3124868887696504e6
51	2.1905241506013554e6
52	2.0764519903020423e6
53	1.9695974741718508e6
54	1.869947315886044e6
55	1.7786846029930508e6
56	1.6932056190726508e6
57	1.6130397892076864e6
58	1.5377630252603812e6
59	1.4669921210240077e6
60	1.4003801536909156e6
61	1.3376124690099566e6
62	1.2784031448920085e6
63	1.2224918902285611e6
64	1.1696413233309e6
65	1.1196345815911854e6
66	1.0722732050028811e6
67	1.0273753310585399e6
68	984774.5582076914
69	944318.342909362
70	906569.5702692415
71	871048.2832286273
72	837330.3995645036
73	805299.7214925389
74	774849.0431396011
75	745879.3309422714
76	718298.9882154012
77	692023.1945378967
78	666973.3138447835
79	643076.3580285236
80	620264.5018301388
81	598474.7409622531
82	577648.6219689281
83	557731.7537985835
84	538673.4605899109
85	520426.48406459234
86	502946.71393247606
87	486192.94325748377
88	470126.64306565427
89	454711.7563713169
90	439914.5101914166
91	425909.9197536306
92	412593.4310931942
93	399815.7622904906
94	387549.43335767975
95	375768.6272013243
96	364449.0691501394
97	353567.9315402194
98	343103.7917601418
99	333036.5049511571
100	323347.0987969062
101	314017.69370327634
102	305031.42909726663
103	296372.3955811261
104	288025.57255809405
105	279976.7701021834
106	272212.57468994585
107	264720.29910059075
108	257487.93592664195
109	250504.11448869252
110	243758.06075588497
111	237239.56002515185
112	230938.92252692772
113	224846.95134065786
114	218954.91240570587
115	213254.50643888334
116	207737.84329653496
117	202397.42955328547
118	197226.15748286652
119	192217.26811639997
120	187429.01307735464
121	182824.16602121646
122	178365.20385526912
123	174046.35419379306
124	169862.11862896584
125	165807.25769676748
126	161876.77660896693
127	158065.91178147934
128	154370.11822972004
129	150785.05777941787
130	147306.58795024198
131	143930.7515514533
132	140653.76687171325
133	137472.01841329664
134	134382.04826728714
135	131380.54798167967
136	128464.35090446944
137	125630.42492417118
138	122875.86559572163
139	120197.8896809391
140	117593.82978161272
141	115061.13437301501
142	112597.36184576442
143	110200.1713233276
144	107867.31771033858
145	105596.64709326187
146	103386.09239821708
147	101233.6692711724
148	99137.47220973304
149	97095.6708936068
150	95106.5067496168
151	93168.28966853832
152	91279.39483330339
153	89438.25973651842
154	87643.38135166117
155	85893.31346599842
156	84186.6641208955
157	82522.09321391844
158	80898.31019096273
159	79314.07187417842
160	77776.90794329907
161	76293.14180542002
162	74845.7198998027
163	73433.537393749
164	72055.52921784212
165	70710.66835630278
166	69397.96421262811
167	68116.46105327275
168	66865.23662919142
169	65643.40158416962
170	64450.09979701536
171	63284.50543661722
172	62145.821340151335
173	61033.27785403681
174	59946.13172034535
175	58883.66502185766
176	57845.18416686369
177	56830.01892492026
178	55837.52151230527
179	54867.06571345559
180	53918.04604887532
181	52989.87699177588
182	52081.992182708185
183	51193.8436914135
184	50324.90130915472
185	49474.65187178078
186	48642.598621526704
187	47828.26058224289
188	47031.171969925075
189	46250.8816286903
190	45486.95248175658
191	44738.961015827
192	44006.49677413895
193	43289.16188119128
194	42586.57059145436
195	41898.34884722138
196	41224.13386226246
197	40563.573718483596
198	39916.32697593753
199	39282.06229789702
200	38660.458088652194
201	38051.202146981224
202	37453.99136964984
203	36868.531524867874
204	36294.5375548786
205	35731.73301106289
206	35179.84945164511
207	34638.626169185576
208	34107.809930164745
209	33587.154721710096
210	33076.42151126513
211	32575.37801350206
212	32083.798464993124
213	31601.463410076478
214	31128.15949552051
215	30663.67927146063
216	30207.820999319658
217	29762.830511335666
218	29328.959061696325
219	28903.151580322916
220	28485.223719474932
221	28074.996158214548
222	27672.29443999328
223	27276.948819471774
224	26888.794114646054
225	26507.669559517457
226	26133.418666683145
227	25765.889094726543
228	25404.932516628814
229	25050.404495295006
230	24702.16436422601
231	24360.075108043067
232	24024.00325164028
233	23693.8187546387
234	23369.39490543888
235	23050.608220900755
236	22737.33835015762
237	22429.467980445905
238	22126.88274548964
239	21829.471137098622
240	21537.12441884408
241	21249.73654302074
242	20967.20407015923
243	20689.426104734604
244	20416.304226562097
245	20147.742549141327
246	19883.647708463843
247	19623.928637179346
248	19368.49648827558
249	19117.26457213934
250	18870.148295757972
251	18627.06510293802
252	18387.934416912347
253	18152.677585468424
254	17921.217826557477
255	17693.48017599176
256	17469.391437421767
257	17248.880134054594
258	17031.876461868174
259	16818.312243419787
260	16608.120883771284
261	16401.237329644853
262	16197.598028581164
263	15997.140886209969
264	15799.805227192459
265	15605.531757258277
266	15414.262526051842
267	15225.940890784772
268	15040.511482026219
269	14857.920170757641
270	14678.114035286655
271	14501.041328545125
272	14326.651448437433
273	14154.894908139077
274	13985.723306556189
275	13819.089299813146
276	13654.946574545294
277	13493.249821338652
278	13333.954707825671
279	13177.01785433646
280	13022.39681059983
281	12870.050031797928
282	12719.936855354781
283	12572.017479264525
284	12426.2529406628
285	12282.605094904084
286	12141.036594957981
287	12001.510871536184
288	11863.992113627504
289	11728.44524933418
290	11594.835927632035
291	11463.130500049583
292	11333.296005893899
293	11205.300159427346
294	11079.111332996057
295	10954.698590276934
296	10832.03166514075
297	10711.080908168997
298	10591.847793974373
299	10475.08206440086
300	10359.942552703164
301	10246.401598047623
302	10134.432099788413
303	10024.007504217385
304	9915.101791945159
305	9807.689465244854
306	9701.745535724134
307	9597.245512380607
308	9494.165390222488
309	9392.481639121252
310	9292.171193010123
311	9193.211439204562
312	9095.580207862233
313	8999.25576203351
314	8904.216788416768
315	8810.442388172058
316	8717.912066762343
317	8626.60572468773
318	8536.503648769314
319	8447.586503409399
320	8359.835322091467
321	8273.23149896479
322	8187.756780858979
323	8103.393259680626
324	8020.123364901746
325	7937.929855909404
326	7856.795814410727
327	7776.7046377371735
328	7697.640032033072
329	7619.586005441011
330	7542.526861328528
331	7466.447191854646
332	7391.331871875955
333	7317.166052846332
334	7243.935156720883
335	7171.624869774841
336	7100.221137534072
337	7029.710159271097
338	6960.078382524407
339	6891.312497703859
340	6823.3994330836995
341	6756.326349846471
342	6690.08063725097
343	6624.649907845555
344	6560.021992733428
345	6496.184937019113
346	6433.126995316068
347	6370.8366273300935
348	6309.302493476547
349	6248.513450799738
350	6188.458548684372
351	6129.127025125613
352	6070.508304492384
353	6012.591993430975
354	5955.367877000111
355	5898.8259288479
356	5842.956306112751
357	5787.749335224694
358	5733.19550821292
359	5679.285479446764
360	5626.010062426749
361	5573.360226618081
362	5521.327094428644
363	5469.901938134842
364	5419.076176865386
365	5368.841373774878
366	5319.189233284031
367	5270.111598265293
368	5221.600447301537
369	5173.647892052518
370	5126.246174659445
371	5079.387665306809
372	5033.064859753314
373	4987.270376974215
374	4941.996956804358
375	4897.237457559618
376	4852.984853822264
377	4809.232234251358
378	4765.972799656928
379	4723.199860977478
380	4680.906836961184
381	4639.08725205269
382	4597.734734476134
383	4556.843014305719
384	4516.405921533602
385	4476.4173842019345
386	4436.871426547346
387	4397.762167169817
388	4359.083817371096
389	4320.830679483136
390	4282.997145220547
391	4245.5776939866655
392	4208.566891144441
393	4171.959386516122
394	4135.749912929147
395	4099.933284691419
396	4064.504396093053
397	4029.4582199104666
398	3994.7898059474305
399	3960.4942797113417
400	3926.5668410461426
401	3893.0027628109688
402	3859.7973895345194
403	3826.9461359798543
404	3794.444486079413
405	3762.2879917691134
406	3730.4722717222126
407	3698.99301018462
408	3667.84595575821
409	3637.026920318527
410	3606.531777928733
411	3576.3564637463587
412	3546.4969729885406
413	3516.949359867645
414	3487.709736549624
415	3458.7742721577274
416	3430.139191777916
417	3401.836102273433
418	3373.834609881898
419	3346.1205316990013
420	3318.690292753869
421	3291.540370080296
422	3264.667291800653
423	3238.0676364975193
424	3211.7380328333816
425	3185.675158300315
426	3159.8757382197323
427	3134.3365473619237
428	3109.0544109860834
429	3084.0262006240823
430	3059.248832938058
431	3034.7192689709996
432	3010.434513412226
433	2986.3916138812347
434	2962.5876601986206
435	2939.0197837053734
436	2915.6851565811867
437	2892.5809911467736
438	2869.7045391830484
439	2847.0530912976055
440	2824.623976307363
441	2802.4145606140873
442	2780.4222475637057
443	2758.6444768422807
444	2737.0787238871717
445	2715.72249928563
446	2694.5733482386936
447	2673.6288500019728
448	2652.886617337017
449	2632.3442959904505
450	2611.9995641622904
451	2591.8501319679426
452	2571.8937409254027
453	2552.128163474843
454	2532.5512024817754
455	2513.160690835926
456	2493.9544910065224
457	2474.9304944961323
458	2456.086621354998
459	2437.4208197285816
460	2418.931065440332
461	2400.6153615548856
462	2382.471737943421
463	2364.4982508598678
464	2346.6929825350417
465	2329.05404074515
466	2311.5795584193143
467	2294.267693273346
468	2277.116627432559
469	2260.124567071864
470	2243.289742032184
471	2226.610405442697
472	2210.0848333221275
473	2193.7113242658197
474	2177.4881991216535
475	2161.413800646786
476	2145.4864931693146
477	2129.704662255958
478	2114.066714374136
479	2098.571076564507
480	2083.216196151893
481	2068.0005404357885
482	2052.922596390311
483	2037.9808703754143
484	2023.173887830485
485	2008.5001929320777
486	1993.9583483755955
487	1979.5469351271483
488	1965.2645521403979
489	1951.1098160743757
490	1937.0813610446562
491	1923.177838340439
492	1909.3979161822524
493	1895.740279493287
494	1882.2036296365152
495	1868.7866841881332
496	1855.4881767044944
497	1842.3068564837163
498	1829.2414883286842
499	1816.2908523264862
500	1803.4537436256712
501	1790.7289722149726
502	1778.1153627056335
503	1765.6117541153371
504	1753.2169996452217
505	1740.929966486258
506	1728.749535621234
507	1716.6746015957765
508	1704.7040723297819
509	1692.8368689718807
510	1681.0719258829104
511	1669.4081903890246
512	1657.8446224918255
513	1646.3801946729063
514	1635.0138921999899
515	1623.7447134339548
516	1612.571668911098
517	1601.4937810750746
518	1590.5100841058083
519	1579.6196237632212
520	1568.82145722359
521	1558.1146529269813
522	1547.498290416517
523	1536.9714601855462
524	1526.533263533488
525	1516.1828124157414
526	1505.9192292907276
527	1495.7416469677441
528	1485.6492084715437
529	1475.64106690588
530	1465.7163853207335
531	1455.8743365752773
532	1446.1141031965112
533	1436.434877246112
534	1426.835860197611
535	1417.316262798471
536	1407.875304948491
537	1398.5122155844542
538	1389.226232557261
539	1380.016602511347
540	1370.8825807720195
541	1361.8234312311047
542	1352.8384262301902
543	1343.926846442345
544	1335.0879807607612
545	1326.3211261984054
546	1317.6255877756216
547	1309.0006784192765
548	1300.4457188922154
549	1291.9600376818883
550	1283.5429708784898
551	1275.1938620703859
552	1266.9120622382425
553	1258.6969296675459
554	1250.5478298554995
555	1242.4641354156956
556	1234.4452259833683
557	1226.4904881216437
558	1218.5993152340816
559	1210.7711074751298
560	1203.0052716516236
561	1195.3012211434807
562	1187.6583758246804
563	1180.076161979649
564	1172.5540122269726
565	1165.0913654378614
566	1157.6876666521152
567	1150.3423669968286
568	1143.05492359443
569	1135.8247994943613
570	1128.6514636084344
571	1121.5343906356477
572	1114.473060987847
573	1107.4669607161802
574	1100.5155814384946
575	1093.6184202679265
576	1086.774979734951
577	1079.9847677253904
578	1073.2472974149928
579	1066.5620872022826
580	1059.9286606426977
581	1053.3465463869159
582	1046.815278117311
583	1040.334394475687
584	1033.9034389865371
585	1027.5219600207513
586	1021.1895107409084
587	1014.9056490408352
588	1008.6699374806117
589	1002.4819432301106
590	996.3412380156368
591	990.2382538383997
592	984.1627299070647
593	978.1328051893662
594	972.148070469404
595	966.2081208355039
596	960.3125556337213
597	954.4609784157068
598	948.6529968863995
599	942.8882228504767
600	937.1662721628228
601	931.486764680734
602	925.8493242146346
603	920.2535784793971
604	914.6991590463306
605	909.1857012958183
606	903.7128443688737
607	898.2802311177492
608	892.8875080665774
609	887.534325367755
610	882.2203367507581
611	876.9451994749189
612	871.7085742952738
613	866.5101254331904
614	861.3495205926481
615	856.2264308917091
616	851.1405307918645
617	846.0914980497926
618	841.0790136831914
619	836.102762014339
620	831.1624306683848
621	826.2577104464832
622	821.3882952809444
623	816.5538821987096
624	811.7541712837981
625	806.9888656447637
626	802.2576713770512
627	797.5602975308359
628	792.8964560763719
629	788.2658618676874
630	783.6682326122543
631	779.1032888385449
632	774.570753863075
633	770.070353757252
634	765.6018173116863
635	761.1648760074766
636	756.7592639852147
637	752.3847180164288
638	748.0409774743059
639	743.727784303609
640	739.444882990321
641	735.1920205297279
642	730.9689464002106
643	726.7754125357238
644	722.6111732944884
645	718.4759854320182
646	714.369608077239
647	710.2918027054905
648	706.2423331117242
649	702.2209653842145
650	698.2274678804864
651	694.2616112024614
652	690.3231681705536
653	686.4119137984537
654	682.527625266265
655	678.6700818978464
656	674.8390651393656
657	671.0343585336669
658	667.2557476975379
659	663.5030203021172
660	659.775966061565
661	656.0743767021596
662	652.398045936334
663	648.7467694402496
664	645.1203448293961
665	641.5185716378181
666	637.9412512998776
667	634.3881871293484
668	630.8591842985735
669	627.3540498178065
670	623.8725925142661
671	620.4146230124257
672	616.9799537153324
673	613.568398784949
674	610.1797741195059
675	606.8138973356633
676	603.4705877526236
677	600.1496663737886
678	596.8509558687228
679	593.5742805572584
680	590.319466391608
681	587.0863409375677
682	583.8747333569436
683	580.6844743892937
684	577.5153963301016
685	574.3673330185973
686	571.2401198238863
687	568.1335936284482
688	565.047592811818
689	561.9819572344605
690	558.9365282217263
691	555.9111485479731
692	552.9056624213241
693	549.9199154665212
694	546.953754709082
695	544.0070285635164
696	541.0795868175276
697	538.1712806179013
698	535.2819624557817
699	532.4114861534583
700	529.5597068508297
701	526.7264809914232
702	523.9116663055256
703	521.115121791467
704	518.3367077105981
705	515.5762855761124
706	512.833718139866
707	510.10886937915495
708	507.40160448169553
709	504.7117898339343
710	502.03929301004615
711	499.3839827581532
712	496.7457289858737
713	494.1244027512208
714	491.5198762524162
715	488.9320228151163
716	486.36071687882844
717	483.80583398799666
718	481.2672507811614
719	478.7448449796419
720	476.23849537632896
721	473.74808182395356
722	471.2734852241596
723	468.8145875176954
724	466.3712716737963
725	463.9434216796202
726	461.53092252980383
727	459.13366021613774
728	456.7515217173577
729	454.3843949890314
730	452.0321689524804
731	449.69473348467267
732	447.3719794103757
733	445.06379849267717
734	442.77008342259194
735	440.49072780683287
736	438.22562615998396
737	435.97467389746004
738	433.73776732847443
739	431.5148036644716
740	429.30568100875064
741	427.1102983336586
742	424.92855547092705
743	422.76035310021274
744	420.60559274272964
745	418.4641767511256
746	416.33600829589227
747	414.22099136650854
748	412.1190307646403
749	410.0300320963894
750	407.95390176451946
751	405.89054695976876
752	403.83987565460075
753	401.80179659507206
754	399.7762192930433
755	397.7630540197267
756	395.76221179818106
757	393.773604395079
758	391.7971443143089
759	389.8327447903497
760	387.88031978115396
761	385.93978396110566
762	384.0110527139935
763	382.09404212498094
764	380.18866897408896
765	378.2948507303509
766	376.4125055447802
767	374.54155224472294
768	372.68191032748996
769	370.83349995389887
770	368.9962419418812
771	367.17005775966004
772	365.35486951899634
773	363.55059997004855
774	361.757172495401
775	359.97451110345094
776	358.20254042153545
777	356.44118569153517
778	354.6903727643168
779	352.9500280939304
780	351.2200787318675
781	349.50045232138
782	347.7910770921116
783	346.0918818552318
784	344.40279599779313
785	342.7237494772218
786	341.0546728159295
787	339.3954970957335
788	337.7461539519207
789	336.10657556975497
790	334.47669467908486
791	332.8564445487864
792	331.2457589820057
793	329.6445723114205
794	328.05281939715246
795	326.47043562323336
796	324.8973568895711
797	323.33351960690726
798	321.77886069205243
799	320.23331756276326
800	318.696828132344
801	317.1693308061912
802	315.6507644776703
803	314.14106852360356
804	312.640182799803
805	311.1480476366485
806	309.66460383462754
807	308.189792659793
808	306.72355583975275
809	305.2658355597173
810	303.8165744583204
811	302.3757156229955
812	300.9432025848063
813	299.51897931585205
814	298.1029902254783
815	296.69518015642626
816	295.2954943808916
817	293.9038785970385
818	292.52027892574273
819	291.1446419063093
820	289.7769144925661
821	288.4170440491097
822	287.0649783475672
823	285.7206655617908
824	284.3840542637879
825	283.05509342204857
826	281.73373239817425
827	280.41992094334336
828	279.1136091948124
829	277.8147476724518
830	276.5232872753154
831	275.23917927819036
832	273.9623753282055
833	272.69282744161944
834	271.43048800035024
835	270.1753097478102
836	268.9272457865946
837	267.68624957571626
838	266.4522749269497
839	265.2252760019757
840	264.00520730923336
841	262.7920237008932
842	261.585680370231
843	260.38613284863266
844	259.1933370026097
845	258.00724903046927
846	256.8278254570394
847	255.65502313249172
848	254.48879923113566
849	253.32911124860317
850	252.1759169990341
851	251.02917461228733
852	249.88884253075565
853	248.7443710996431
854	247.60371330516344
855	246.46928038835506
856	245.341032428598
857	244.2189298025466
858	243.10293318212456
859	241.99300353276288
860	240.88910211091167
861	239.79119046116458
862	238.69923041308414
863	237.61318407964185
864	236.53301385496866
865	235.4586824119173
866	234.39015269964784
867	233.32738794123514
868	232.2703516311213
869	231.21900753264134
870	230.17331967607123
871	229.133252356374
872	228.09877013092031
873	227.06983781723105
874	226.04642049074116
875	225.02848348258468
876	224.0159923774008
877	223.0089130111608
878	222.0072114690091
879	221.01085408275907
880	220.0198074286557
881	219.0340383259282
882	218.05351383477756
883	217.07820125432355
884	216.1080681202019
885	215.14308220176747
886	214.183211500601
887	213.22842424903493
888	212.27868890856618
889	211.33397416887135
890	210.3942489522005
891	209.45948240838834
892	208.5296439095865
893	207.60470304836878
894	206.68462963530874
895	205.76939369665598
896	204.85896547352954
897	203.95331541916386
898	203.05241419333072
899	202.15623266405655
900	201.26474190718588
901	200.37791320439987
902	199.49571804178575
903	198.61812810813976
904	197.74511529289222
905	196.87665168492111
906	196.01270957102852
907	195.1532614339654
908	194.29827995098213
909	193.44773799248006
910	192.60160862042105
911	191.75986508653656
912	190.92248083072272
913	190.0894294798425
914	189.26068484622124
915	188.43622092612685
916	187.6160118982645
917	186.80003212228436
918	185.9882561372325
919	185.1806586596482
920	184.37721458247103
921	183.57789897379104
922	182.78268707518893
923	181.99155430062052
924	181.20447623512703
925	180.42142863344736
926	179.64238741864293
927	178.86732868073463
928	178.0962286753046
929	177.32906382184922
930	176.56581070268282
931	175.80644606180067
932	175.0509468035771
933	174.29928999138497
934	173.551452845874
935	172.8074127441162
936	172.0671472185818
937	171.33063395589343
938	170.5978507955916
939	169.86877572890998
940	169.14338689756275
941	168.42166259254626
942	167.70358125309667
943	166.98912146563956
944	166.27826196254279
945	165.57098162094994
946	164.86725946162966
947	164.16707464783477
948	163.47040648401355
949	162.7772344146038
950	162.08753802350913
951	161.40129703283128
952	160.71849130165663
953	160.03910082497183
954	159.36310573271473
955	158.69048628873068
956	158.0212228905305
957	157.35529606890324
958	156.69268648576391
959	156.03337493300637
960	155.3773423314858
961	154.7245697300073
962	154.07503830422826
963	153.4287293553723
964	152.78562430951126
965	152.14570471683473
966	151.50895225068797
967	150.87534870661412
968	150.24487600140483
969	149.617516172159
970	148.99325137534586
971	148.37206388581296
972	147.75393609584634
973	147.13885051437288
974	146.52678976612316
975	145.9177365907394
976	145.3116738418798
977	144.70858448599475
978	144.10845160141224
979	143.51125837793714
980	142.91698811595478
981	142.32562422565698
982	141.73715022618615
983	141.15154974484167
984	140.5688065164011
985	139.9889043824453
986	139.41182729037914
987	138.8375592926028
988	138.26608454571164
989	137.69738730970278
990	137.13145194718328
991	136.56826292223263
992	136.00780479941668
993	135.45006224367003
994	134.89502001961677
995	134.3426629908164
996	133.79297611901632
997	133.24594446341018
998	132.70155317990248
999	132.1597875203794
1000	131.62063283198378
1001	131.08407455636765
1002	130.55009822899487
1003	130.01868947846714
1004	129.48983402581518
1005	128.96351768354793
1006	128.4397263549958
1007	127.91844603393737
1008	127.39966280391818
1009	126.88336283739629
1010	126.36953239517631
1011	125.85815782582281
1012	125.34922556486525
1013	124.84272213432094
1014	124.33863414210424
1015	123.83694828138808
1016	123.3376513299709
1017	122.84073014964683
1018	122.3461716852157
1019	121.85396296329948
1020	121.36409109260522
1021	120.87654326357188
1022	120.39130674776108
1023	119.90836889725908
1024	119.42771714408399
1025	118.94933899959689
1026	118.47322205376628
1027	117.99935397443966
1028	117.52772250705678
1029	117.05831547411984
1030	116.59112077462562
1031	116.12612638334105
1032	115.66332035006536
1033	115.20269079926705
1034	114.74422592977885
1035	114.28791401427797
1036	113.83374339874707
1037	113.3817025017694
1038	112.9317798138362
1039	112.48396389715258
1040	112.03824338516178
1041	111.59460698202888
1042	111.1530434621286
1043	110.71354166953704
1044	110.27609051752778
1045	109.84067898803784
1046	109.40729613107402
1047	108.97593106434492
1048	108.54657297281254
1049	108.11921110820816
1050	107.6938347885518
1051	107.27043339767573
1052	106.84899638475137
1053	106.42951326382047
1054	106.01197361332942
1055	105.59636707566769
1056	105.1826833567096
1057	104.77091222535998
1058	104.36104351306815
1059	103.95306711319742
1060	103.54697298075331
1061	103.1427511320455
1062	102.74039164425119
1063	102.3398846549817
1064	101.94122036183902
1065	101.544389021728
1066	101.14938095043901
1067	100.75618652231148
1068	100.36479616997234
1069	99.97520038401086
1070	99.58738971260202
1071	99.20135476156074
1072	98.81708619477911
1073	98.43457473288566
1074	98.05381115265813
1075	97.67478628662954
1076	97.29749102266464
1077	96.92191630325479
1078	96.54805312528316
1079	96.17589253985909
1080	95.80542565197156
1081	95.43664362036381
1082	95.06953765702305
1083	94.70409902664849
1084	94.34031904625199
1085	93.97818908471577
1086	93.61770056253694
1087	93.25884495149323
1088	92.90161377415217
1089	92.54599860354273
1090	92.19199106294778
1091	91.83958282555665
1092	91.4887656140105
1093	91.13953120007632
1094	90.7918714044187
1095	90.44577809626715
1096	90.10124319308031
1097	89.75825866014505
1098	89.4168165102224
1099	89.07690880333597
1100	88.73852764645795
1101	88.40166519318716
1102	88.06631364342908
1103	87.73246524307889
1104	87.40011228370636
1105	87.069247102243
1106	86.73986208058903
1107	86.41194964522708
1108	86.08550226708634
1109	85.76051246124867
1110	85.4369727865579
1111	85.11487584539857
1112	84.79421428345498
1113	84.4749807894172
1114	84.15716809468928
1115	83.84076897309937
1116	83.52577624061213
1117	83.21218275504316
1118	82.89998141572234
1119	82.5891651631424
1120	82.27972697879855
1121	81.97165988493175
1122	81.66495694425372
1123	81.35961125967336
1124	81.05561597393725
1125	80.75296426927768
1126	80.45164936732698
1127	80.15166452887755
1128	79.85300305361909
1129	79.55565827987762
1130	79.25962358435643
1131	78.96489238187888
1132	78.67145812513338
1133	78.37931430441984
1134	78.0884544474221
1135	77.79887211902175
1136	77.51056092102588
1137	77.22351449191301
1138	76.93772650658897
1139	76.65319067614455
1140	76.36990074761485
1141	76.08785050373584
1142	75.80703376261471
1143	75.52744437757586
1144	75.24907623706311
1145	74.97192326433287
1146	74.69597941720524
1147	74.4212386878026
1148	74.14769510236677
1149	73.87534272104719
1150	73.60417563767741
1151	73.33418797963355
1152	73.06537390780862
1153	72.79772761620966
1154	72.5312433316914
1155	72.26591531374123
1156	72.00173785426558
1157	71.73870527737785
1158	71.47681193917893
1159	71.21605222748028
1160	70.95642056153764
1161	70.69791139198396
1162	70.44051920065614
1163	70.18423850039197
1164	69.92906383482872
1165	69.67498977820298
1166	69.422010935152
1167	69.17012194051642
1168	68.91931745914435
1169	68.66959218568003
1170	68.42094084435298
1171	68.17335818880903
1172	67.9268390019514
1173	67.6813780957572
1174	67.43697031108991
1175	67.19361051751304
1176	66.9512936130715
1177	66.71001452395795
1178	66.46976820447651
1179	66.2305496369243
1180	65.99235383138155
1181	65.7551758255657
1182	65.5190106846549
1183	65.28385350110953
1184	65.04969939451453
1185	64.81654351145
1186	64.58438102536104
1187	64.35320713633045
1188	64.12301707090202
1189	63.89380608191214
1190	63.66556944832216
1191	63.4383024750523
1192	63.21200049281645
1193	62.98665885791418
1194	62.76227295188165
1195	62.538838181504396
1196	62.31634997875551
1197	62.0948038006372
1198	61.87419512902262
1199	61.65451947049863
1200	61.43577235620982
1201	61.21794934170351
1202	61.00104600677588
1203	60.78505795531918
1204	60.56998081516987
1205	60.35581023795189
1206	60.14254189892031
1207	59.93017149682721
1208	59.718694753776475
1209	59.508107415076694
1210	59.29840524903588
1211	59.08958404676999
1212	58.88163962217565
1213	58.6745678118021
1214	58.46836447470262
1215	58.26302549222969
1216	58.05854676792988
1217	57.85492422744652
1218	57.652153818337
1219	57.45023150993583
1220	57.249153293272165
1221	57.04891518093767
1222	56.84951320695259
1223	56.65094342663267
1224	56.453201916457026
1225	56.25628477393611
1226	56.06018811740514
1227	55.864908085774466
1228	55.67044083857541
1229	55.47678255590332
1230	55.28392943828767
1231	55.09187770656567
1232	54.90062360175734
1233	54.7101633849413
1234	54.52049333713163
1235	54.33160975914729
1236	54.143508971406106
1237	53.956187313840154
1238	53.769641145837184
1239	53.58386684612241
1240	53.398860812640294
1241	53.214619462424956
1242	53.031139231402975
1243	52.848416574279
1244	52.66644796447801
1245	52.48522989408948
1246	52.30475887375598
1247	52.12503143256027
1248	51.94604411791095
1249	51.767793495351974
1250	51.59027614843728
1251	51.41331163109513
1252	51.23398482115094
1253	51.05537595662984
1254	50.877481743828206
1255	50.700298906375494
1256	50.52382418512889
1257	50.34805433806852
1258	50.17298614019214
1259	49.998616383378895
1260	49.82494187629051
1261	49.65195944430738
1262	49.47966592942933
1263	49.30805819017493
1264	49.137133101481695
1265	48.96688755460678
1266	48.797318457028425
1267	48.62842273234806
1268	48.460197320193004
1269	48.29263917611981
1270	48.12574527151834
1271	47.959512593516315
1272	47.79393814488468
1273	47.62901894394341
1274	47.4647520244628
1275	47.30113443551008
1276	47.13816324138781
1277	46.97583552159195
1278	46.81414837072189
1279	46.65309889838998
1280	46.4926842291317
1281	46.332901502316425
1282	46.173747872025
1283	46.01522050687888
1284	45.857316590032994
1285	45.70003331906553
1286	45.54336790594923
1287	45.38731757698279
1288	45.2318795727132
1289	45.07705114786142
1290	44.92282957114054
1291	44.769212125072336
1292	44.6161961060861
1293	44.46377882446557
1294	44.31195760426705
1295	44.16072978323801
1296	44.01009271272798
1297	43.86004375755097
1298	43.710580295941476
1299	43.56169971950648
1300	43.41339943314685
1301	43.265676854979276
1302	43.118529416258596
1303	42.97195456130062
1304	42.8259497474055
1305	42.68051244478003
1306	42.53564013643409
1307	42.391330318112935
1308	42.247580498251345
1309	42.104388197899894
1310	41.96175095061474
1311	41.81966630236741
1312	41.678131811529624
1313	41.53714504880649
1314	41.39670359716279
1315	41.256805051714785
1316	41.11744701966334
1317	40.97862712026133
1318	40.840342984745206
1319	40.702592256265355
1320	40.56537258981686
1321	40.42868165215038
1322	40.29251712168944
1323	40.15687668850168
1324	40.02175805423611
1325	39.88715893205622
1326	39.75307704657339
1327	39.61951013378084
1328	39.48645594098786
1329	39.35391222675462
1330	39.221876760827236
1331	39.090347324072965
1332	38.95932170838645
1333	38.82879771660729
1334	38.69877316250828
1335	38.56924587073808
1336	38.4402136767438
1337	38.31167442668916
1338	38.18362597742932
1339	38.05606619645602
1340	37.92899296183669
1341	37.802404162153934
1342	37.67629769644542
1343	37.550671474144174
1344	37.42552341501916
1345	37.3008514491163
1346	37.1766535166945
1347	37.05292756813007
1348	36.92967156388409
1349	36.80688347446658
1350	36.68456128037935
1351	36.56270297205933
1352	36.441306549821995
1353	36.320370023801345
1354	36.199891413843005
1355	36.07986874946869
1356	35.96030006986488
1357	35.84118342382913
1358	35.722516869715754
1359	35.604298475381725
1360	35.48652631813301
1361	35.3691984846712
1362	35.25231307104047
1363	35.13586818257486
1364	35.019861933845895
1365	34.904292448610974
1366	34.78915785977636
1367	34.67445630935633
1368	34.560185948411835
1369	34.44634493699908
1370	34.332931444118984
1371	34.21994364766703
1372	34.107379734383386
1373	33.995237899803364
1374	33.883516348207934
1375	33.77221329255387
1376	33.66132695441732
1377	33.550855564012934
1378	33.440797360128535
1379	33.33115059006609
1380	33.22191350959164
1381	33.1130843828753
1382	33.004661482456235
1383	32.89664308920311
1384	32.789027492267714
1385	32.68181298903896
1386	32.574997885090845
1387	32.468580494109304
1388	32.36255913786785
1389	32.25693214619342
1390	32.15169785692176
1391	32.046854615853114
1392	31.94240077670819
1393	31.83833470108435
1394	31.73465475841195
1395	31.631359325903883
1396	31.528446788486526
1397	31.425915538748725
1398	31.323763976945582
1399	31.221990510961678
1400	31.12059355626913
1401	31.019571535885877
1402	30.91892288033424
1403	30.81864602759974
1404	30.71873942309011
1405	30.619201519594636
1406	30.520030777243665
1407	30.421225663468082
1408	30.3227846529511
1409	30.22470622758691
1410	30.12698887644705
1411	30.02963109575039
1412	29.932631388826216
1413	29.835988266075454
1414	29.73970024493206
1415	29.64376584982474
1416	29.548183612135904
1417	29.45295207011782
1418	29.358069768868532
1419	29.263535260337857
1420	29.16934710328637
1421	29.075503863238065
1422	28.982004112457037
1423	28.88884642991292
1424	28.79602940123995
1425	28.703551618705806
1426	28.611411681177998
1427	28.519608194094534
1428	28.42813976943717
1429	28.3370050256862
1430	28.246202587783923
1431	28.15573108709982
1432	28.065589161396005
1433	27.975775454792817
1434	27.886288617734632
1435	27.797127306955883
1436	27.708290185447233
1437	27.61977592239455
1438	27.531583193095045
1439	27.44371067899377
1440	27.356157067671116
1441	27.268921052810114
1442	27.18200133416383
1443	27.095396617522944
1444	27.00910561468356
1445	26.923127043415143
1446	26.837459627428693
1447	26.752102096345094
1448	26.667053185663615
1449	26.582311636730648
1450	26.497876196708567
1451	26.413745618543526
1452	26.32991866093097
1453	26.246394088289783
1454	26.163170670733393
1455	26.0802471840396
1456	25.997622409620497
1457	25.915295134480605
1458	25.833264151160353
1459	25.75152825774243
1460	25.670086257831674
1461	25.5889369605259
1462	25.508079180385543
1463	25.427511737384595
1464	25.347233456887214
1465	25.267243169636835
1466	25.18753971172648
1467	25.108121924551615
1468	25.028988654791437
1469	24.950138754394843
1470	24.87157108055295
1471	24.793284495671553
1472	24.715277867343783
1473	24.637550068322877
1474	24.56009997649511
1475	24.482926474852906
1476	24.40602845147021
1477	24.329404799477025
1478	24.253054417011416
1479	24.17697620721676
1480	24.101169078222554
1481	24.02563194311664
1482	23.950363719919334
1483	23.87536333155775
1484	23.80062970584024
1485	23.726161775431027
1486	23.651958477824955
1487	23.57801875532231
1488	23.504341554994753
1489	23.43092582865138
1490	23.357770532830695
1491	23.28487462877839
1492	23.212237082422945
1493	23.139856864351398
1494	23.067732949785178
1495	22.995864318543706
1496	22.924249955001272
1497	22.852888848072833
1498	22.78177999120436
1499	22.71092238236484
1500	22.640315024023252
1501	22.56995692312542
1502	22.499847091070972
1503	22.429984543690203
1504	22.3603683012008
1505	22.2909973881698
1506	22.22187083352609
1507	22.152987670542043
1508	22.084346936811265
1509	22.015947674226425
1510	21.947788928957273
1511	21.87986975142873
1512	21.81218919629909
1513	21.744746322438424
1514	21.677540192907
1515	21.61056987493376
1516	21.543834439886005
1517	21.477332963243693
1518	21.411064524593296
1519	21.345028207608376
1520	21.279223100028737
1521	21.213648293639732
1522	21.14830288425168
1523	21.083185971679413
1524	21.018296659721894
1525	20.953634056141986
1526	20.889197272646317
1527	20.824985424865268
1528	20.76099763233305
1529	20.69723301846792
1530	20.63369071055247
1531	20.570369839714083
1532	20.507269540905416
1533	20.444388952885067
1534	20.381727218198225
1535	20.319283483145608
1536	20.257056897753888
1537	20.195046615780353
1538	20.133251794697234
1539	20.07167159567303
1540	20.010305183564228
1541	19.949151726908465
1542	19.888210397887622
1543	19.827480372306834
1544	19.766960829565075
1545	19.706650952613625
1546	19.646549927967175
1547	19.586656945682666
1548	19.526971199345567
1549	19.467491886059793
1550	19.408218206430423
1551	19.349149364549593
1552	19.29028456798166
1553	19.231623027745304
1554	19.173163958287073
1555	19.11490657746237
1556	19.05685010653131
1557	18.998993770142725
1558	18.941336796317284
1559	18.883878416430772
1560	18.82661786519736
1561	18.769554380654583
1562	18.712687204153355
1563	18.656015580335733
1564	18.599538757115855
1565	18.54325598566373
1566	18.48716652038908
1567	18.431269618925313
1568	18.375564542113555
1569	18.320050553986764
1570	18.264726921753947
1571	18.209592915784473
1572	18.15464780959092
1573	18.099890879803237
1574	18.045321406160838
1575	17.990938671503663
1576	17.936741961756876
1577	17.882730565913715
1578	17.828903776002075
1579	17.775260887079487
1580	17.721801197230803
1581	17.66852400755355
1582	17.615428622143092
1583	17.562514348074615
1584	17.509780495374166
1585	17.45722637701687
1586	17.404851308918712
1587	17.352654609922077
1588	17.300635601781487
1589	17.248793609149306
1590	17.19712795956144
1591	17.145637983415376
1592	17.094323013954
1593	17.043182387263187
1594	16.992215442258882
1595	16.941421520673266
1596	16.89079996704106
1597	16.840350128685856
1598	16.79007135570657
1599	16.739963000963886
1600	16.69002442006687
1601	16.640254971359578
1602	16.590654015907774
1603	16.54122091748568
1604	16.491955042555578
1605	16.442855760244314
1606	16.3939224423471
1607	16.345154463317648
1608	16.296551200255227
1609	16.248112032886635
1610	16.19983634354701
1611	16.151723517179125
1612	16.103772941322763
1613	16.055984006102165
1614	16.008356104213576
1615	15.960888630912818
1616	15.91358098400296
1617	15.866432563822059
1618	15.819442773230913
1619	15.77261101760095
1620	15.725936704802114
1621	15.679419245189674
1622	15.633058051579974
1623	15.586852539244218
1624	15.540802125905502
1625	15.494906231727224
1626	15.449164279301357
1627	15.403575693636798
1628	15.358139902147787
1629	15.312856334642383
1630	15.267724423304427
1631	15.222743602666338
1632	15.177913309617482
1633	15.133232983398237
1634	15.088702065588746
1635	15.044320000097771
1636	15.000086233151585
1637	14.956000213282891
1638	14.91206139131986
1639	14.868269220375181
1640	14.824623155835178
1641	14.781122655348986
1642	14.737767178817776
1643	14.694556188384068
1644	14.651489148421142
1645	14.608565525526737
1646	14.565784788516007
1647	14.523146408407339
1648	14.480649858411606
1649	14.43829461392177
1650	14.396080152502563
1651	14.354005953880208
1652	14.312071499932175
1653	14.27027627467704
1654	14.228619764264328
1655	14.187101456967683
1656	14.145720843173198
1657	14.104477415359987
1658	14.063370668105689
1659	14.022400098075739
1660	13.9815652040102
1661	13.940865486713996
1662	13.900300449046469
1663	13.859869595907298
1664	13.81957243423045
1665	13.7794084729772
1666	13.73937722312664
1667	13.699478197666206
1668	13.659710911582277
1669	13.620074881850833
1670	13.58056962742811
1671	13.541194669241369
1672	13.50194953017964
1673	13.462833735084583
1674	13.42384681074135
1675	13.3849882858695
1676	13.346257691113982
1677	13.307654559036129
1678	13.269178424104735
1679	13.230828822687098
1680	13.192605293037948
1681	13.1545073752851
1682	13.11653461141145
1683	13.078686545261887
1684	13.040962722538906
1685	13.003362690793978
1686	12.965885999418965
1687	12.928532199637589
1688	12.891300844496921
1689	12.854191488858945
1690	12.817203689392139
1691	12.780337004563098
1692	12.74359099462823
1693	12.706965221625447
1694	12.670459249365933
1695	12.634072643425396
1696	12.597804971132556
1697	12.561655801563136
1698	12.52562470553229
1699	12.489711255589379
1700	12.453915026010486
1701	12.418235592790458
1702	12.382672533634981
1703	12.347225427952724
1704	12.31189385684748
1705	12.276677403110376
1706	12.241575651205041
1707	12.206588187247153
1708	12.17171459901518
1709	12.1369544759467
1710	12.10230740913014
1711	12.067772991294547
1712	12.03335081680443
1713	11.999040481653347
1714	11.964841583455813
1715	11.930753721438675
1716	11.896776496435521
1717	11.862909510879796
1718	11.829152368797358
1719	11.795504675797815
1720	11.761966039067627
1721	11.728536067363823
1722	11.695214371006886
1723	11.662000561873624
1724	11.628894253390078
1725	11.59589506052449
1726	11.563002599780283
1727	11.530216489189058
1728	11.49753634830368
1729	11.464961798191345
1730	11.43249246142592
1731	11.400127962063786
1732	11.367867925634151
1733	11.33571197915428
1734	11.303659751125174
1735	11.271710871524881
1736	11.239864971801815
1737	11.208121684868107
1738	11.176480645093013
1739	11.144941488296318
1740	11.113503851741804
1741	11.08216737413074
1742	11.050931695595397
1743	11.01979645769259
1744	10.988761303397288
1745	10.957825877096186
1746	10.926989824581398
1747	10.896252793044049
1748	10.865614431066808
1749	10.835074388617656
1750	10.804632317045124
1751	10.77428786907217
1752	10.744040698790004
1753	10.713890461651962
1754	10.683836814467286
1755	10.653879415388147
1756	10.624017923899741
1757	10.594252000825618
1758	10.56458130832286
1759	10.53500550987611
1760	10.50552427029164
1761	10.476137255690999
1762	10.446844133501015
1763	10.417644572446823
1764	10.388538242549103
1765	10.359524815121102
1766	10.330603962760698
1767	10.301775359338283
1768	10.273038679998248
1769	10.24439360115553
1770	10.215839800489992
1771	10.187376956940794
1772	10.15900475070079
1773	10.130722863210979
1774	10.10253097715496
1775	10.07442877645341
1776	10.046415946258614
1777	10.018492172949001
1778	9.990657144123565
1779	9.96291054859132
1780	9.935252076365215
1781	9.907681418665064
1782	9.880198267913935
1783	9.852802317732086
1784	9.825493262931657
1785	9.798270799511382
1786	9.771134624651413
1787	9.744084436708079
1788	9.71711993520873
1789	9.690240820846594
1790	9.663446795475634
1791	9.636737562105463
1792	9.610112824897033
1793	9.583572289158543
1794	9.557115661338816
1795	9.530742649022029
1796	9.504452960922748
1797	9.47824630688095
1798	9.452122397857114
1799	9.426080945927298
1800	9.400121664277483
1801	9.3742442671903
1802	9.348448470042834
1803	9.322733989301733
1804	9.29710054252368
1805	9.271547848353954
1806	9.2460756265217
1807	9.220683597835189
1808	9.19537148417713
1809	9.170139008499977
1810	9.144985894821284
1811	9.119911868217462
1812	9.094916654813744
1813	9.06999998178493
1814	9.045161577352825
1815	9.020401170781692
1816	8.995718492373742
1817	8.971113273464626
1818	8.946585246418946
1819	8.922134144625817
1820	8.897759702494405
1821	8.873461655449526
1822	8.849239739927244
1823	8.825093693370492
1824	8.801023254224726
1825	8.777028161933323
1826	8.753108156929036
1827	8.72926298063077
1828	8.705492375443352
1829	8.681796084753433
1830	8.658173852925241
1831	8.634625425296381
1832	8.611150548173615
1833	8.587748968828723
1834	8.564420435494311
1835	8.541164697359706
1836	8.517981504566821
1837	8.494870608206057
1838	8.471831760312236
1839	8.448864713860536
1840	8.42596922276244
1841	8.403145041861737
1842	8.380391926930495
1843	8.357709634665095
1844	8.335097922682248
1845	8.312556549515067
1846	8.290085274609115
1847	8.267683858318518
1848	8.245352061901643
1849	8.223089647511008
1850	8.200896378191265
1851	8.178772017881114
1852	8.15671633140967
1853	8.134729084492651
1854	8.112810043728585
1855	8.09095897659506
1856	8.069175651444956
1857	8.047459837502725
1858	8.025811304860662
1859	8.004229824474985
1860	7.982715168157953
1861	7.961267108574882
1862	7.939885419244446
1863	7.918569874536012
1864	7.8973202496648875
1865	7.876136320686915
1866	7.855017864496631
1867	7.833964658824276
1868	7.812976482234068
1869	7.792053114120676
1870	7.771117124519136
1871	7.749798674955101
1872	7.728544407196786
1873	7.707354107468362
1874	7.686227562789642
1875	7.6651645609727295
1876	7.644164890618651
1877	7.623228341114043
1878	7.6023547026278235
1879	7.581543766107891
1880	7.560795323277835
1881	7.540109166633673
1882	7.519485089440575
1883	7.498922885729642
1884	7.478422350294659
1885	7.4579832786888955
1886	7.437605467221896
1887	7.417288712956309
1888	7.3970328137047
1889	7.376837568026413
1890	7.356702775224421
1891	7.336628235342201
1892	7.316613749160618
1893	7.29665911819474
1894	7.276764144687862
1895	7.256928631607612
1896	7.237152382646734
1897	7.21743520222058
1898	7.197776895464073
1899	7.1781772682286356
1900	7.158636127074747
1901	7.1391532792669326
1902	7.119728532777459
1903	7.10036169628398
1904	7.081052579166608
1905	7.061800991504962
1906	7.042606744075225
1907	7.023469648345353
1908	7.004389516471371
1909	6.98536616129716
1910	6.966399396351829
1911	6.947489035846858
1912	6.928634894673266
1913	6.9098367883987795
1914	6.891094533265032
1915	6.872407946184725
1916	6.853776844736674
1917	6.835201047161579
1918	6.816680372363091
1919	6.798214639905501
1920	6.779803670010993
1921	6.761447283556927
1922	6.743145302073125
1923	6.724897547739168
1924	6.706703843381714
1925	6.688564012471812
1926	6.670477879122251
1927	6.6524452680848905
1928	6.634466004748039
1929	6.61653991513381
1930	6.5986668258955135
1931	6.580846564314968
1932	6.563078958296139
1933	6.545363836361231
1934	6.527701027653476
1935	6.510090361935013
1936	6.492531669584337
1937	6.475024781593714
1938	6.457569529564108
1939	6.440165745701951
1940	6.42281326282027
1941	6.405511914336503
1942	6.388261534270004
1943	6.371061957239587
1944	6.353913018461068
1945	6.336814553744802
1946	6.319766399493274
1947	6.302768392698646
1948	6.285820370940366
1949	6.2689221723827435
1950	6.252073635772579
1951	6.235274600436759
1952	6.218524906279876
1953	6.2018243937803685
1954	6.185172903987206
1955	6.168570278519938
1956	6.152016359566609
1957	6.135510989881435
1958	6.119054012782502
1959	6.102645272149464
1960	6.086284612421259
1961	6.069971878593826
1962	6.053706916217842
1963	6.037489571394973
1964	6.021319690769553
1965	6.005197121532068
1966	5.9891217114195054
1967	5.973093308713156
1968	5.957111762236394
1969	5.941176921352487
1970	5.925288635962405
1971	5.909446756502634
1972	5.8936511339430195
1973	5.877901619784598
1974	5.862198066057452
1975	5.846540325318564
1976	5.830928250649686
1977	5.815361695655218
1978	5.799840514460096
1979	5.784364561707688
1980	5.768933692557705
1981	5.753547762685202
1982	5.738206628279885
1983	5.7229101460427785
1984	5.707658173183994
1985	5.692450567420678
1986	5.677287186974968
1987	5.6621678905719675
1988	5.647092537437718
1989	5.6320609872971845
1990	5.617073100372252
1991	5.60212873737973
1992	5.58722775952936
1993	5.572370028521837
1994	5.557555406545802
1995	5.5427837562723195
1996	5.528054940856458
1997	5.513368823936248
1998	5.498725269631184
1999	5.484124142540468
2000	5.46956530774108
2001	5.455048630785871
2002	5.440573977701072
2003	5.426141214983125
2004	5.411750209598118
2005	5.3974008289805555
2006	5.383092941031646
2007	5.368826414117433
2008	5.354601117066955
2009	5.340416919170379
2010	5.326273690177183
2011	5.312171300294315
2012	5.298109620184369
2013	5.284088520963779
2014	5.270107874201004
2015	5.256167551914731
2016	5.24226742657209
2017	5.228407371086867
2018	5.2145872588178275
2019	5.200806963566899
2020	5.187066359577355
2021	5.173365321532057
2022	5.159703724551715
2023	5.146081444192729
2024	5.132498356444552
2025	5.118954337724763
2026	5.1054492648776835
2027	5.091983015177435
2028	5.078555466326488
2029	5.065166496453962
2030	5.051815984113937
2031	5.038503808283783
2032	5.025229848362481
2033	5.011993984168962
2034	4.9987960959404445
2035	4.985636064330791
2036	4.97251377040886
2037	4.959429095656867
2038	4.946381921968762
2039	4.9333721316486026
2040	4.9203996074089345
2041	4.907464232369182
2042	4.8945658900537055
2043	4.881704464390085
2044	4.868879839707585
2045	4.856091900735415
2046	4.843340532602001
2047	4.830625620833491
2048	4.817947051352207
2049	4.805304710475086
2050	4.792698484912132
2051	4.780128261764888
2052	4.7675939285251845
2053	4.755095373073727
2054	4.742632483678104
2055	4.7302051489866805
2056	4.7178132580268
2057	4.705456700208706
2058	4.693135365324359
2059	4.680849143545954
2060	4.668597925424658
2061	4.6563816018891835
2062	4.644200064244045
2063	4.632053204168073
2064	4.61994091371288
2065	4.607863085300879
2066	4.595819611724236
2067	4.583810386143748
2068	4.571835302087401
2069	4.559894253448959
2070	4.547987134486528
2071	4.5361138398211525
2072	4.5242742644354035
2073	4.512468303671977
2074	4.500695853232297
2075	4.4889568091751215
2076	4.477251067915165
2077	4.465578526221711
2078	4.453939081217249
2079	4.442332630376089
2080	4.4307590715230205
2081	4.4192183028319425
2082	4.407710222824517
2083	4.396234730368823
2084	4.384791724676906
2085	4.3733811052969145
2086	4.362002772115921
2087	4.350656625362796
2088	4.33934256560705
2089	4.328060493757529
2090	4.3168103110611
2091	4.305591919101362
2092	4.294405219797346
2093	4.283250115402231
2094	4.272126508502051
2095	4.261034302014431
2096	4.249973399187303
2097	4.238943703597647
2098	4.227945119150219
2099	4.2169775500763045
2100	4.206040900932459
2101	4.195135076599269
2102	4.184259982280101
2103	4.1734155234998696
2104	4.1626016061038085
2105	4.15181813625592
2106	4.141065020437554
2107	4.130342165446746
2108	4.119649478397071
2109	4.108986866716441
2110	4.098354238145898
2111	4.087751500738418
2112	4.077178562857727
2113	4.066635333176767
2114	4.056121720673062
2115	4.045637634629204
2116	4.035182984634247
2117	4.024757680582569
2118	4.014361632672714
2119	4.003994751406234
2120	3.9936569475865364
2121	3.9833481323177957
2122	3.97306821700429
2123	3.9628171133489856
2124	3.9525947333521008
2125	3.9424009893099785
2126	3.93223579381396
2127	3.922099059748819
2128	3.9119907002906453
2129	3.9019106289069456
2130	3.8918587593558547
2131	3.881835005685031
2132	3.8718392822305683
2133	3.861871503615903
2134	3.851931584750785
2135	3.842019440830178
2136	3.8321349873331356
2137	3.822278140021727
2138	3.8124488149399727
2139	3.8026469284127344
2140	3.7928723970442944
2141	3.7831251377174633
2142	3.773405067592218
2143	3.7637121041021313
2144	3.754046164955613
2145	3.7444071681365307
2146	3.7347950319034244
2147	3.7252096747882066
2148	3.715651015595125
2149	3.7061189733997395
2150	3.696613467547905
2151	3.687134417654761
2152	3.677681743603714
2153	3.668255365545441
2154	3.658855203896879
2155	3.649481179340236
2156	3.64013321282199
2157	3.6308112255519074
2158	3.6215151390020472
2159	3.6122448749057914
2160	3.6030003552568566
2161	3.5937815023083273
2162	3.5845882385716816
2163	3.575420486815829
2164	3.5662781700661466
2165	3.5571612116035207
2166	3.548069534963394
2167	3.539003063934811
2168	3.5299617225593356
2169	3.5209454351287355
2170	3.511954126184622
2171	3.5029877205166833
2172	3.4940461431618424
2173	3.4851293194052984
2174	3.476237174779696
2175	3.467369635064209
2176	3.458526626283623
2177	3.449708074707424
2178	3.440913906848893
2179	3.432144049464197
2180	3.423398429551493
2181	3.4146769743501326
2182	3.4059796113404115
2183	3.3973062682422217
2184	3.3886568730138222
2185	3.3800313538509505
2186	3.371429639185955
2187	3.3628516576869036
2188	3.3542973382567283
2189	3.345766610032344
2190	3.3372594023837903
2191	3.3287756449133674
2192	3.320315267454781
2193	3.3118782000722824
2194	3.303464373059819
2195	3.2950737169401925
2196	3.2867061624642018
2197	3.278361640609817
2198	3.2700400825812768
2199	3.2617414198068997
2200	3.2534655839381634
2201	3.2452125068505167
2202	3.2369821206426397
2203	3.2287743576356314
2204	3.220589150372185
2205	3.2124264316158015
2206	3.204286134350047
2207	3.1961681917776796
2208	3.1880725373198366
2209	3.179999104615225
2210	3.171947827519324
2211	3.16391864010359
2212	3.1559114766546674
2213	3.147926271673594
2214	3.1399629598750205
2215	3.1320214761864222
2216	3.124101755747323
2217	3.116203733908519
2218	3.108327346231299
2219	3.1004725284866805
2220	3.0926392166546384
2221	3.084827346923341
2222	3.077036855688389
2223	3.0692676795520497
2224	3.0615197553223363
2225	3.053793020012229
2226	3.046087410838795
2227	3.0384028652201858
2228	3.0307393207764313
2229	3.023096715330057
2230	3.0154749869053505
2231	3.0078740737276286
2232	3.000293914222504
2233	2.9927344470151587
2234	2.985195610929613
2235	2.9776773449880074
2236	2.9701795884098745
2237	2.9627022806114294
2238	2.9552453612048475
2239	2.947808769997572
2240	2.940392446992025
2241	2.932996332384884
2242	2.92562036656594
2243	2.9182644901173624
2244	2.9109286438130098
2245	2.9036127686177298
2246	2.89631680568667
2247	2.8890406963645803
2248	2.8817843821851374
2249	2.874547804870453
2250	2.867330906330718
2251	2.8601336286632724
2252	2.852955914151885
2253	2.8457977052660492
2254	2.838658944659318
2255	2.83153957516851
2256	2.8244395398142994
2257	2.817358781800642
2258	2.810297244514111
2259	2.803254871523239
2260	2.7962316065778623
2261	2.7892273936084724
2262	2.7822421767255667
2263	2.7752759002190013
2264	2.768328508557345
2265	2.7613999463872436
2266	2.754490158532777
2267	2.7475990899948197
2268	2.7407266859504165
2269	2.733872891752141
2270	2.727037652927469
2271	2.7202209151781602
2272	2.713422624379619
2273	2.7066427265802844
2274	2.6998811680010064
2275	2.693137895034429
2276	2.6864128542443724
2277	2.6797059923652284
2278	2.6730172563013417
2279	2.6663465931264074
2280	2.659693950082837
2281	2.6530592745802606
2282	2.6464425141947676
2283	2.639843616669476
2284	2.633262529914013
2285	2.62669920200392
2286	2.620153581180067
2287	2.6136256158480546
2288	2.6071152545772507
2289	2.6006224460993037
2290	2.5941471393086384
2291	2.587689283262159
2292	2.5812488271786758
2293	2.5748257204383265
2294	2.5684199125820077
2295	2.562031353310801
2296	2.5556599924854315
2297	2.5493057801259953
2298	2.5429686664112716
2299	2.5366486016779377
2300	2.530345536419917
2301	2.5240594212878738
2302	2.5177902070887015
2303	2.5115378447849643
2304	2.5053022854943534
2305	2.499083480489137
2306	2.492881381195608
2307	2.486695939193413
2308	2.4805271062138536
2309	2.474374834140015
2310	2.4682390750070042
2311	2.4621197810014235
2312	2.456016904460831
2313	2.449930397873216
2314	2.4438602138764636
2315	2.4378063052578263
2316	2.4317686249534005
2317	2.4257471260476016
2318	2.419741761772639
2319	2.413752485507999
2320	2.4077792507799267
2321	2.401822011260905
2322	2.3958807207691453
2323	2.3899553332680745
2324	2.384045802865819
2325	2.3781520838147023
2326	2.3722741305106947
2327	2.366411897492185
2328	2.3605653394395927
2329	2.354734411175556
2330	2.3489190676644576
2331	2.3431192640119276
2332	2.337334955464348
2333	2.3315660974083503
2334	2.3258126453695214
2335	2.320074555011505
2336	2.3143517821367903
2337	2.3086442826863496
2338	2.302952012739155
2339	2.297274928511692
2340	2.2916129863574874
2341	2.285966142766626
2342	2.2803343543652765
2343	2.274717577915216
2344	2.269115770313359
2345	2.263528888591283
2346	2.257956889914765
2347	2.252399731583311
2348	2.2468573710296837
2349	2.241329765819424
2350	2.235816873650387
2351	2.2303186523523078
2352	2.2248350598864595
2353	2.219366054345358
2354	2.213911593952044
2355	2.208471637059589
2356	2.2030461421506393
2357	2.19763506783697
2358	2.192238372859035
2359	2.1868560160855184
2360	2.181487956512892
2361	2.176134153264973
2362	2.170794565592478
2363	2.165469152872588
2364	2.1601578746084122
2365	2.1548606904275847
2366	2.149577560082236
2367	2.144308443449287
2368	2.139053300530027
2369	2.1338120914496845
2370	2.128584776457001
2371	2.1233713159238015
2372	2.1181716703445757
2373	2.11298580033605
2374	2.1078136666367673
2375	2.1026552301066688
2376	2.0975104517266745
2377	2.0923792925982663
2378	2.0872617139430725
2379	2.082157677102456
2380	2.077067143537099
2381	2.071990074826597
2382	2.0669264326690424
2383	2.0618761788806492
2384	2.056839275395467
2385	2.0518156842649033
2386	2.0468053676576945
2387	2.041808287859771
2388	2.036824407273458
2389	2.0318536884170437
2390	2.0268960939243597
2391	2.0219515865443567
2392	2.017020129140757
2393	2.0121016846916637
2394	2.0071962162891768
2395	2.002303687138997
2396	1.9974240605600384
2397	1.9925572999840437
2398	1.9877033689551953
2399	1.9828622311297344
2400	1.9780338502755732
2401	1.9732181902719084
2402	1.968415215108423
2403	1.9636248888847594
2404	1.9588471758107184
2405	1.9540820402059302
2406	1.9493294464994744
2407	1.944589359229513
2408	1.939861743042919
2409	1.9351465626949016
2410	1.9304437830486443
2411	1.9257533690748165
2412	1.9210752858506872
2413	1.9164094985602307
2414	1.91175597249401
2415	1.9071146730488184
2416	1.9024855657273165
2417	1.8978686161376732
2418	1.8932637899932097
2419	1.8886710531120394
2420	1.8840903714167163
2421	1.8795217109338789
2422	1.874965037793897
2423	1.8704203182305217
2424	1.8658875185805333
2425	1.8613666052833941
2426	1.856857544880902
2427	1.8523603040168384
2428	1.8478748494366293
2429	1.8434011479869967
2430	1.8389391666156203
2431	1.8344888723707922
2432	1.8300502324010772
2433	1.8256232139549775
2434	1.8212077843805876
2435	1.8168039111252667
2436	1.812411561735272
2437	1.8080307038551204
2438	1.803661305227294
2439	1.7993033336913495
2440	1.794956757183944
2441	1.7906215437391102
2442	1.7862976614879416
2443	1.7819850786582656
2444	1.7776837635743175
2445	1.7733936846564198
2446	1.7691148104206569
2447	1.764847109478555
2448	1.7605905505367607
2449	1.7563451023967371
2450	1.7521107339544533
2451	1.7478874142000462
2452	1.7436751122175058
2453	1.7394737971843555
2454	1.7352834383713422
2455	1.7311040051421245
2456	1.7269354669529586
2457	1.7227777933523913
2458	1.71863095398095
2459	1.7144949185708331
2460	1.7103696569455829
2461	1.70625513901975
2462	1.702151334798346
2463	1.6980582143766338
2464	1.6939757479400317
2465	1.6899039057638239
2466	1.6858426582128583
2467	1.6817919757412476
2468	1.6777518288920716
2469	1.6737221882970803
2470	1.6697030246763997
2471	1.6656943088382363
2472	1.6616960116785822
2473	1.657708104180926
2474	1.653730557415925
2475	1.6497633425403528
2476	1.645806430796828
2477	1.6418597935143455
2478	1.6379234021080271
2479	1.633997228078837
2480	1.630081243013297
2481	1.6261754185832031
2482	1.6222797265453448
2483	1.6183941387412215
2484	1.6145186270967526
2485	1.6106531636220018
2486	1.6067977204108705
2487	1.6029522696406435
2488	1.599116783571864
2489	1.5952912345481478
2490	1.5914755949959059
2491	1.5876698374240763
2492	1.5838739344238484
2493	1.5800878586683909
2494	1.5763115829125833
2495	1.572545079992746
2496	1.5687883228263702
2497	1.5650412844118518
2498	1.561303937828224
2499	1.557576256234891
2500	1.553858212871364
2501	1.5501497810569982
2502	1.5464509341907264
2503	1.5427616457508002
2504	1.5390818892945282
2505	1.5354116384580134
2506	1.531750866955898
2507	1.5280995485811009
2508	1.5244576572045625
2509	1.5208251667749872
2510	1.5172020513184203
2511	1.5135882849370883
2512	1.5099838418099447
2513	1.5063886961928026
2514	1.5028028224180536
2515	1.4992261948944177
2516	1.4956587881066954
2517	1.4921005766155164
2518	1.4885515350570966
2519	1.4850116381429872
2520	1.481480860659831
2521	1.4779591774691176
2522	1.4744465635069381
2523	1.470942993783745
2524	1.467448443384105
2525	1.4639628874664616
2526	1.4604863012628924
2527	1.4570186600788704
2528	1.4535599392930236
2529	1.4501101143568982
2530	1.4466691607947197
2531	1.4432370542031585
2532	1.439813770251091
2533	1.4363992846792852
2534	1.4329935733001158
2535	1.429596611997388
2536	1.4262083767259761
2537	1.4228288435117806
2538	1.4194579884515461
2539	1.4160957877126295
2540	1.4127422175327726
2541	1.4093972542198723
2542	1.4060608741517548
2543	1.402733053775946
2544	1.399413769609447
2545	1.396102998238456
2546	1.3928007163176188
2547	1.389506900570064
2548	1.3862215277875405
2549	1.3829445748302036
2550	1.379676018626392
2551	1.3764158361724095
2552	1.373164004532305
2553	1.369920500837653
2554	1.3666853022873366
2555	1.3634583861473322
2556	1.36023972975049
2557	1.3570293104963205
2558	1.35382710585078
2559	1.3506330933460544
2560	1.3474472505803492
2561	1.3442695552176767
2562	1.3410999849878127
2563	1.3379385176861633
2564	1.3347851311733125
2565	1.3316398033747885
2566	1.328502512280853
2567	1.3253732359462957
2568	1.3222519524902259
2569	1.3191386400958642
2570	1.3160332770103398
2571	1.312935841544483
2572	1.30984631207262
2573	1.3067646670323718
2574	1.3036908849244488
2575	1.3006249443124496
2576	1.297566823822657
2577	1.2945165021438398
2578	1.2914739580270524
2579	1.2884391702854312
2580	1.2854121177938649
2581	1.2823927794884347
2582	1.2793811343666235
2583	1.2763771614873343
2584	1.2733808399708617
2585	1.2703921489985885
2586	1.2674110678127712
2587	1.2644375757163482
2588	1.261471652072742
2589	1.2585132763056703
2590	1.255562427898959
2591	1.2526190863963516
2592	1.2496832314013107
2593	1.2467548425768318
2594	1.2438338996452474
2595	1.2409203823880437
2596	1.2380142706456696
2597	1.2351155443173507
2598	1.2322241833609024
2599	1.2293401677925426
2600	1.2264634776867074
2601	1.2235940931758658
2602	1.2207319944503348
2603	1.2178771617580975
2604	1.2150295754045968
2605	1.212189215752395
2606	1.2093560632210854
2607	1.2065300982872016
2608	1.2037113014840428
2609	1.2008996534014882
2610	1.1980951346858215
2611	1.1952977260395579
2612	1.1925074082214489
2613	1.1897241620463104
2614	1.1869479683845878
2615	1.1841788081618498
2616	1.1814166623588442
2617	1.1786615120114916
2618	1.1759133382107103
2619	1.1731721221022455
2620	1.1704378448864954
2621	1.1677104878183386
2622	1.1649900322069642
2623	1.1622764594156978
2624	1.1595697508618332
2625	1.1568698880164632
2626	1.1541768524043072
2627	1.1514906256035458
2628	1.148811189245651
2629	1.1461385250152172
2630	1.143472614649798
2631	1.1408134399397347
2632	1.138160982727994
2633	1.135515224910002
2634	1.1328761484334784
2635	1.130243735298272
2636	1.1276179675561975
2637	1.1249988273108729
2638	1.1223862967175555
2639	1.1197803579829813
2640	1.1171809933652017
2641	1.1145881851734234
2642	1.1120019157678476
2643	1.1094221675595044
2644	1.106848923010082
2645	1.104282164631783
2646	1.1017218749871671
2647	1.0991680366889942
2648	1.0966206323999717
2649	1.094079644832356
2650	1.0915450567480824
2651	1.089016850958686
2652	1.086495010325147
2653	1.0839795177577374
2654	1.0814703562158658
2655	1.0789675087079247
2656	1.076470958291137
2657	1.0739806880714051
2658	1.071496681203157
2659	1.0690189208891958
2660	1.0665473903805498
2661	1.0640820729763194
2662	1.0616229520235316
2663	1.0591700109169855
2664	1.0567232330991072
2665	1.0542826020598002
2666	1.051848101336296
2667	1.0494197145130097
2668	1.0469974252213905
2669	1.044581217139776
2670	1.0421710739932466
2671	1.03976697955348
2672	1.0373689176386052
2673	1.034976872113059
2674	1.0325908268873922
2675	1.0302107659180357
2676	1.0278366732072777
2677	1.0254685328031445
2678	1.0231063287992606
2679	1.020750045334705
2680	1.0183996665938713
2681	1.0160551768062882
2682	1.0137165602461342
2683	1.011383801232276
2684	1.0090568841283654
2685	1.0067357933427046
2686	1.0044205133281077
2687	1.0021110285817623
2688	0.9998073236450934
2689	0.9975093831036262
2690	0.9952171915868514
2691	0.9929307337680859
2692	0.9906499943643433
2693	0.9883749581361984
2694	0.986105609887649
2695	0.9838419344659824
2696	0.9815839167616413
2697	0.9793315417080913
2698	0.9770847942816873
2699	0.974843659501541
2700	0.972608122429391
2701	0.9703781681694688
2702	0.9681537818683691
2703	0.9659349487149191
2704	0.9637216539400486
2705	0.961513882816659
2706	0.9593116206594957
2707	0.9571148528250186
2708	0.9549235647112706
2709	0.9527377417577203
2710	0.950557369445117
2711	0.9483824332953823
2712	0.9462129188714837
2713	0.9440488117773089
2714	0.9418900976575149
2715	0.9397367621972192
2716	0.9375887911219939
2717	0.9354461701978474
2718	0.9333088852311016
2719	0.9311769220682695
2720	0.9290502665959314
2721	0.9269289047406121
2722	0.9248128224686525
2723	0.9227020057860629
2724	0.9205964407384241
2725	0.9184961134107765
2726	0.9164010099274975
2727	0.914311116452184
2728	0.9122264191875226
2729	0.9101469043751594
2730	0.9080725582955977
2731	0.9060033672680825
2732	0.9039393176504811
2733	0.9018803958391675
2734	0.8998265882689034
2735	0.897777881412723
2736	0.895734261781815
2737	0.8936957159254065
2738	0.8916622304306456
2739	0.8896337919224869
2740	0.8876103870635765
2741	0.8855920025541361
2742	0.8835786251318031
2743	0.8815702415714757
2744	0.8795668386852785
2745	0.8775684033224607
2746	0.8755749223692805
2747	0.8735863827487925
2748	0.871602771420634
2749	0.8696240753811065
2750	0.867650281663092
2751	0.8656813773359425
2752	0.8637173495053695
2753	0.8617581853133328
2754	0.8598038719379311
2755	0.8578543965932955
2756	0.8559097465296133
2757	0.853969909033067
2758	0.8520348714255389
2759	0.8501046210644866
2760	0.8481791453428367
2761	0.846258431688876
2762	0.8443424675661464
2763	0.8424312404733358
2764	0.8405247379441745
2765	0.8386229475473276
2766	0.8367258568862892
2767	0.8348334535992783
2768	0.8329457253591332
2769	0.8310626598732068
2770	0.8291842448832629
2771	0.8273104681653716
2772	0.8254413175298054
2773	0.8235767808209378
2774	0.8217168459171381
2775	0.8198615007306699
2776	0.8180107332075887
2777	0.8161645313276403
2778	0.8143228831041581
2779	0.812485776583897
2780	0.8106531998467889
2781	0.8088251410060233
2782	0.8070015882079928
2783	0.8051825296321918
2784	0.8033679534911181
2785	0.8015578480301733
2786	0.7997522015275641
2787	0.7979510022942045
2788	0.7961542386736155
2789	0.794361899041829
2790	0.7925739718072895
2791	0.7907904454107572
2792	0.7890113083252104
2793	0.7872365490557488
2794	0.7854661561394982
2795	0.7837001181455124
2796	0.7819384236746797
2797	0.7801810613596255
2798	0.7784280198646185
2799	0.7766792878854617
2800	0.7749348541493689
2801	0.7731947074149031
2802	0.771458836471939
2803	0.7697272301417125
2804	0.7679998772765753
2805	0.7662767667598496
2806	0.7645578875057334
2807	0.7628432284592106
2808	0.7611327785959364
2809	0.7594265269220927
2810	0.7577244624743527
2811	0.7560265743196942
2812	0.7543328515552225
2813	0.7526432833082791
2814	0.7509578587363758
2815	0.7492765670270986
2816	0.7475993973980147
2817	0.7459263390965918
2818	0.7442573814001103
2819	0.7425925136155737
2820	0.740931725079621
2821	0.7392750051584377
2822	0.7376223432476692
2823	0.7359737287723322
2824	0.7343291511867281
2825	0.7326885999743555
2826	0.7310520646478236
2827	0.7294195347487651
2828	0.7277909998477518
2829	0.7261664495442063
2830	0.7245458734663182
2831	0.7229292612709575
2832	0.7213166026435903
2833	0.7197078872981937
2834	0.7181031049771704
2835	0.7165022454512654
2836	0.7149052985194817
2837	0.7133122540089959
2838	0.7117231017750753
2839	0.710137831700994
2840	0.7085564336979506
2841	0.7069788977049847
2842	0.7054052136888949
2843	0.7038353716441561
2844	0.7022693615928379
2845	0.7007071735845224
2846	0.699148797696223
2847	0.6975942240323059
2848	0.6960434427245241
2849	0.6944723581215871
2850	0.6928822717048011
2851	0.691296000327882
2852	0.6897135343153834
2853	0.688134864018069
2854	0.6865599798128363
2855	0.6849888721026385
2856	0.6834215313164089
2857	0.6818579479089855
2858	0.6802981123610323
2859	0.6787420151789667
2860	0.677189646894882
2861	0.6756409980664718
2862	0.6740960592769566
2863	0.6725548211350071
2864	0.671017274274671
2865	0.6694834093552977
2866	0.6679532170614643
2867	0.6664266881029022
2868	0.6649038132144228
2869	0.6633845831558439
2870	0.6618689887119172
2871	0.6603570206922545
2872	0.6588486699312553
2873	0.6573439272880458
2874	0.6558427836464897
2875	0.6543452299150726
2876	0.6528512570268132
2877	0.6513608559391932
2878	0.6498740176340884
2879	0.6483907331176956
2880	0.6469109934204639
2881	0.6454347895970227
2882	0.6439621127261124
2883	0.642492953910514
2884	0.6410273042769787
2885	0.6395651549761548
2886	0.6381064971825119
2887	0.6366513220942809
2888	0.6351996209333864
2889	0.6337513849453785
2890	0.632306605399363
2891	0.6308652735879345
2892	0.6294273808271102
2893	0.627992918456353
2894	0.6265618778385148
2895	0.6251342503596578
2896	0.6237100274289828
2897	0.6222892004787611
2898	0.6208717609642675
2899	0.6194577003637146
2900	0.6180470101781866
2901	0.616639681931572
2902	0.6152357071704989
2903	0.6138350774642675
2904	0.6124377844047594
2905	0.6110438196062948
2906	0.609653174705653
2907	0.6082658413620331
2908	0.606881811256992
2909	0.6055010760943772
2910	0.6041236276002638
2911	0.6027494575228911
2912	0.601378557632597
2913	0.6000109197217555
2914	0.5986465356047131
2915	0.5972853971177251
2916	0.595927496118893
2917	0.5945728244881007
2918	0.5932213741269524
2919	0.5918731369587104
2920	0.5905281049282318
2921	0.589186270001907
2922	0.5878476241675976
2923	0.5865121594345745
2924	0.5851798678334564
2925	0.5838507414161479
2926	0.5825247722557795
2927	0.5812019524466451
2928	0.5798822741041421
2929	0.5785657293647101
2930	0.577252310385771
2931	0.5759420093456682
2932	0.5746348184436071
2933	0.5733307298995941
2934	0.5720297359543751
2935	0.5707318288693298
2936	0.5694370009264174
2937	0.5681452444282287
2938	0.5668565516980355
2939	0.5655709150795764
2940	0.5642883269369726
2941	0.5630087796546721
2942	0.5617322656373901
2943	0.5604587773100509
2944	0.5591883071177313
2945	0.5579208475256024
2946	0.5566563910188718
2947	0.5553949301027186
2948	0.5541364573022299
2949	0.5528809651623565
2950	0.5516284462478591
2951	0.5503788931432514
2952	0.5491322984527429
2953	0.5478886548001843
2954	0.5466479548290105
2955	0.5454101912021844
2956	0.5441753566021422
2957	0.5429434437307371
2958	0.5417144453091844
2959	0.5404883540780064
2960	0.5392651627969767
2961	0.5380448642450661
2962	0.5368274512203877
2963	0.5356129165401408
2964	0.534401253040555
2965	0.5331924535768056
2966	0.5319865110229564
2967	0.5307834182719455
2968	0.5295831682355322
2969	0.5283857538442445
2970	0.5271911680473252
2971	0.5259994038126793
2972	0.5248104541268203
2973	0.5236243119948204
2974	0.5224409704402567
2975	0.5212604225051567
2976	0.5200826612499465
2977	0.5189076797533939
2978	0.5177354711125544
2979	0.5165660284427248
2980	0.5153993448774066
2981	0.514235413568405
2982	0.51307422768572
2983	0.511915780417374
2984	0.5107600649693576
2985	0.50960707456558
2986	0.5084568024478158
2987	0.5073092418756577
2988	0.5061643861264632
2989	0.5050222284953063
2990	0.503882762294926
2991	0.5027459808556779
2992	0.5016118775254826
2993	0.5004804456697778
2994	0.49935167867146546
2995	0.4982255699308376
2996	0.4971021128655365
2997	0.4959813009105265
2998	0.4948631275180197
2999	0.4937475861573805
3000	0.4926346703151377