1	5.673644802302579e8
2	1.0211178504178706e8
3	4.3361629448512204e7
4	2.490658032652029e7
5	1.5872848007542131e7
6	1.1081973193969026e7
7	8.1388663812001245e6
8	6.200610908262856e6
9	4.856803875383548e6
10	3.89045107025866e6
11	3.1738091046732967e6
12	2.627378716284404e6
13	2.2044061260556052e6
14	1.869936482093464e6
15	1.6006944966203056e6
16	1.3836869919916315e6
17	1.2045002771966094e6
18	1.05509284427438e6
19	931379.3036210686
20	826623.2114901937
21	737046.5136084551
22	660122.5318482495
23	594703.8921652165
24	537911.0485636583
25	488260.61220489454
26	444568.2700116025
27	405984.63569563755
28	372451.3686401148
29	342669.5993629603
30	316086.6109502995
31	292245.8365518262
32	270767.89447186387
33	251335.93621927933
34	233891.37938036703
35	218266.1631655777
36	204060.7033551906
37	191102.6630911905
38	179244.88824442757
39	168361.2271544929
40	158343.1637658576
41	149096.94146958942
42	140541.23661510777
43	132757.70604669303
44	125594.39419467332
45	118952.24029424027
46	112780.5480009359
47	107034.6924723047
48	101675.30023014397
49	96667.50808206681
50	91980.35857119976
51	87586.29095089821
52	83460.69197531407
53	79581.51146312228
54	75945.96060138004
55	72585.9773045805
56	69424.54138995818
57	66446.2680011347
58	63637.25236767032
59	60984.89632310194
60	58477.763896915654
61	56105.4551345314
62	53858.49109266604
63	51728.213276412294
64	49706.69800124649
65	47786.68480153589
66	45961.50968620613
67	44225.04469062301
68	42571.65133493648
69	40996.13261999151
70	39515.32075474123
71	38113.99071988507
72	36778.656406036214
73	35505.32291124062
74	34290.29004976635
75	33130.125899436745
76	32021.643178395174
77	30961.87881170484
78	29948.076554376414
79	28977.66994914166
80	28048.266216995977
81	27157.633383448934
82	26303.689115704485
83	25484.487608275227
84	24698.20865630632
85	23943.147929319737
86	23217.7084786369
87	22520.39299457039
88	21849.796320294623
89	21204.59854989012
90	20583.55872286052
91	19992.29067235664
92	19427.241134804877
93	18883.39332620702
94	18359.73133520465
95	17855.29821484021
96	17369.191779036304
97	16900.561113921496
98	16448.603966767325
99	16012.563129466858
100	15591.723250528936
101	15185.408082667209
102	14792.977931775511
103	14413.82738778639
104	14047.383239529949
105	13693.102457200826
106	13350.470269089785
107	13018.998396812205
108	12698.223406293459
109	12387.705202394915
110	12087.025615895478
111	11795.787118707576
112	11513.611678738365
113	11240.139639337644
114	10975.028644434253
115	10717.952596001687
116	10468.600717429896
117	10226.676902079915
118	9991.899054252324
119	9763.998112046933
120	9544.973705358121
121	9333.495090021812
122	9128.222767148323
123	8928.925835676217
124	8735.383820942436
125	8547.386142382997
126	8364.731587537386
127	8187.227812165277
128	8014.690869028456
129	7846.944773275918
130	7683.821085306834
131	7525.1585309882275
132	7370.802636046977
133	7220.605386281131
134	7074.424929518245
135	6932.125276614513
136	6793.576021895792
137	6658.652066315115
138	6527.233347875662
139	6399.204589076379
140	6274.455096097897
141	6152.8786363206555
142	6034.373220484377
143	5918.840848858517
144	5806.187325666212
145	5696.322080722759
146	5589.158004883832
147	5484.611288071466
148	5382.601276979306
149	5283.05033996485
150	5185.883738428333
151	5091.029499568451
152	4998.418291253089
153	4907.983304674159
154	4819.6601427375535
155	4733.386717274486
156	4649.103144887571
157	4566.751658096981
158	4486.276510803811
159	4407.623896326337
160	4331.06113323742
161	4256.810816271802
162	4184.240993566963
163	4113.303729111512
164	4043.9527396239723
165	3976.1433249690617
166	3909.8322997416712
167	3844.9779290939114
168	3781.5398765993637
169	3719.4791661525596
170	3658.758155539009
171	3599.3404567094117
172	3541.1908811571916
173	3484.275393516566
174	3428.5610653232725
175	3374.0160336956455
176	3320.60945934088
177	3268.311487041243
178	3217.0932109799364
179	3166.9266404625328
180	3117.7846666460064
181	3069.6410317327045
182	3022.4702951740255
183	2976.247803980631
184	2930.9496628661927
185	2886.5527059118594
186	2843.0344715765673
187	2800.373175086383
188	2758.5476849809484
189	2717.5375006270197
190	2677.322727862299
191	2637.8840592065358
192	2599.2027522193926
193	2561.2606114646924
194	2524.039971198072
195	2487.523675693158
196	2451.695063283537
197	2416.5379495636057
198	2382.0366105085627
199	2348.17576614591
200	2314.9405641068997
201	2282.316564882739
202	2250.289730247456
203	2218.8464128399432
204	2187.9733543599054
205	2157.6576676094223
206	2127.8868187495127
207	2098.6486158472167
208	2069.931197970442
209	2041.7230238587663
210	2014.0128620014311
211	1986.7897808029472
212	1960.0431383872178
213	1933.7625735875577
214	1907.9379978473528
215	1882.559587120272
216	1857.6177734554315
217	1833.19247342675
218	1809.2902237782337
219	1785.7971205379938
220	1762.704402939911
221	1740.0035371121699
222	1717.6862086683575
223	1695.7443164461677
224	1674.1699662670326
225	1652.955463737195
226	1632.0933087294131
227	1611.5761900086165
228	1591.3969788605277
229	1571.5487237967811
230	1552.0246457047904
231	1532.8181322965193
232	1513.9227338025898
233	1495.3321589140608
234	1477.040269647001
235	1459.0410770062092
236	1441.3287371717336
237	1423.897547243915
238	1406.7419410466541
239	1389.8564851312399
240	1373.2358745754404
241	1356.8749291738156
242	1340.7685898340746
243	1324.9119160644805
244	1309.3000830988672
245	1293.9283813047375
246	1278.7922142670864
247	1263.8870922817157
248	1249.2086293588156
249	1234.7525403386935
250	1220.5146382691348
251	1206.4908315928396
252	1192.6771214896307
253	1179.0695996201896
254	1165.6644455630556
255	1152.4579243069888
256	1139.4463840412727
257	1126.6262541260012
258	1113.9940432177855
259	1101.5463370855687
260	1089.2797966271855
261	1077.191156170976
262	1065.2772216042956
263	1053.5348681889186
264	1041.9610388836888
265	1030.552742634457
266	1019.3070525933914
267	1008.2211043264597
268	997.2920943669432
269	986.5172788073387
270	975.893971674303
271	965.4195431767213
272	955.0914186481727
273	944.9070772217196
274	934.864050311873
275	924.9599202033108
276	915.1923190112449
277	905.5589274375819
278	896.0574734252618
279	886.6857312110277
280	877.4415204272804
281	868.3227049020775
282	859.3271914215264
283	850.4529288928011
284	841.6979073998862
285	833.0601572023095
286	824.5377477182655
287	816.1287865927382
288	807.8314187351358
289	799.6438252903691
290	791.5642228096851
291	783.5908623557135
292	775.7220288837505
293	767.956040728489
294	760.2912487570685
295	752.7260368113194
296	745.2588208079775
297	737.8880470525702
298	730.613065788569
299	723.4544719539572
300	716.3873180744658
301	709.4101522672419
302	702.5215504286825
303	695.7201155770393
304	689.0044773266491
305	682.373291276497
306	675.8252383854671
307	669.3590243584624
308	662.9733791401951
309	656.6670564101559
310	650.438833137374
311	644.2875090849263
312	638.2119062496904
313	632.2108684201895
314	626.2832607678511
315	620.4279694104664
316	614.6439008536229
317	608.929981526131
318	603.2851574172341
319	597.7083936341978
320	592.1986739753158
321	586.755000483202
322	581.3763930720665
323	576.0618892042154
324	570.8105435346291
325	565.6214274986684
326	560.4936288558602
327	555.4262514694777
328	550.4184150010888
329	545.4692545566184
330	540.5779203010203
331	535.7435771429203
332	530.965404491192
333	526.2425959495466
334	521.574359004219
335	516.959914700626
336	512.3984974900176
337	507.88935497265334
338	503.43174760902406
339	499.0249483973879
340	494.6682426587599
341	490.3609278279212
342	486.1023132181633
343	481.89171977511864
344	477.72847982578253
345	473.6119368584347
346	469.5414452907782
347	465.5163702321589
348	461.5360872248105
349	457.59998207131554
350	453.7074506008825
351	449.8578984955281
352	446.0507412072351
353	442.2854037678092
354	438.5613205758582
355	434.8779356094729
356	431.2347021967425
357	427.63108252491367
358	424.0665474703278
359	420.54057644691557
360	417.05265723773107
361	413.6022858278337
362	410.18896627578243
363	406.81221054522604
364	403.4715383330363
365	400.166476935675
366	396.89656113167484
367	393.66133303033615
368	390.4603419227788
369	387.2931441403037
370	384.159302916832
371	381.0583882843337
372	377.9899769481268
373	374.9536521908506
374	371.94900375775387
375	368.9756277152024
376	366.03312634220543
377	363.1211080259551
378	360.23918717389904
379	357.3869841096746
380	354.5641249390869
381	351.77024142234114
382	349.0049708977631
383	346.2679561873993
384	343.5588454894104
385	340.87729227918464
386	338.22295520746343
387	335.5954979945668
388	332.9945893671139
389	330.41990297495505
390	327.871117308327
391	325.3479156020118
392	322.8499857138589
393	320.3770200672324
394	317.92871559925834
395	315.5047736779538
396	313.1049000189628
397	310.7288045956262
398	308.3762015527812
399	306.04680916056566
400	303.7403497416525
401	301.45654960252097
402	299.19513896010255
403	296.95585185587726
404	294.7384261280555
405	292.5426033614626
406	290.3681288152206
407	288.21475135887135
408	286.082223388971
409	283.97030078346546
410	281.87874285744687
411	279.8073123042121
412	277.7557751432816
413	275.7239006592573
414	273.7114613428088
415	271.71823284180186
416	269.7439939068515
417	267.7852532096786
418	265.8439390592112
419	263.92077440242514
420	262.01554952045575
421	260.1280575755735
422	258.25809456061586
423	256.4054592762507
424	254.56995331267788
425	252.75138098878347
426	250.94954929663825
427	249.16426793924487
428	247.39534934867567
429	245.64260852492382
430	243.90586298284836
431	242.18493271480833
432	240.4796401541294
433	238.7898101366949
434	237.11526985518327
435	235.45584882998838
436	233.8113788752751
437	232.1816940560743
438	230.56663064665506
439	228.96602709815764
440	227.37972401265827
441	225.8075641109027
442	224.2493921932671
443	222.70505510628556
444	221.17440170926565
445	219.65728283668716
446	218.15355127712428
447	216.66306174304233
448	215.18567084218049
449	213.7212370571055
450	212.26962071653733
451	210.83068396149875
452	209.4042907144555
453	207.99030665834792
454	206.58859920947643
455	205.19903749908246
456	203.82149234880796
457	202.45583623808207
458	201.10194327101772
459	199.75968915200122
460	198.42895117015604
461	197.10960817494666
462	195.80154055040933
463	194.50463019002103
464	193.2187604764956
465	191.9438162513564
466	190.67968379497515
467	189.42625081269236
468	188.18340641406982
469	186.95104109465248
470	185.7290467134924
471	184.5173164693178
472	183.31574486778936
473	182.1242277145873
474	180.94266210320902
475	179.77094639512097
476	178.60898019977526
477	177.45666435506672
478	176.31390090473008
479	175.1805930773704
480	174.0566452780232
481	172.9419630705265
482	171.83645316014253
483	170.74002337850538
484	169.65258266523503
485	168.57404104463433
486	167.50430962184953
487	166.4433005735113
488	165.39092713079674
489	164.34710356223297
490	163.31174515971458
491	162.2847682162806
492	161.26609001449557
493	160.25562881998295
494	159.25330386468556
495	158.2590353355651
496	157.27274436172982
497	156.29435299979883
498	155.32378421855842
499	154.3609618884131
500	153.4058107689069
501	152.45825649563702
502	151.51822556735823
503	150.58564533255233
504	149.6604439722916
505	148.74255049294894
506	147.83189471694712
507	146.92840726586613
508	146.0320195508218
509	145.14266376691768
510	144.26027289241014
511	143.38478067598945
512	142.51612162147487
513	141.65423097562928
514	140.79904473743827
515	139.95049966672812
516	139.1085332438166
517	138.2730836560039
518	137.44408978753546
519	136.62149121239239
520	135.80522818490104
521	134.9952416315555
522	134.1914731397237
523	133.39386494931307
524	132.6023599471025
525	131.8169016578936
526	131.03743423427463
527	130.26390244604423
528	129.49625167323356
529	128.73442789931877
530	127.97837770549121
531	127.22804826247709
532	126.48338732113288
533	125.74434320437004
534	125.01086480078791
535	124.28290155420032
536	123.56040345748261
537	122.84332104780246
538	122.131605399233
539	121.42520811568157
540	120.7240813265373
541	120.02817768095214
542	119.33745034044188
543	118.65185297064663
544	117.97133973392737
545	117.2958652857117
546	116.62538476719546
547	115.95985380049537
548	115.29922848515854
549	114.64346539130247
550	113.99252155191753
551	113.34635445548938
552	112.70492203797512
553	112.06818268052963
554	111.4360952047589
555	110.80861886689124
556	110.18571335180661
557	109.56733876675005
558	108.9534556368892
559	108.34402490005772
560	107.73900789814253
561	107.13836637435075
562	106.54206247011558
563	105.95005871987425
564	105.36231804725077
565	104.77880376017895
566	104.19947954558336
567	103.62430946401658
568	103.05325794057721
569	102.48628976313213
570	101.92337008135391
571	101.36446440213906
572	100.80953858501447
573	100.25855883747595
574	99.7114917103338
575	99.16830409336188
576	98.62896320834851
577	98.09343660723972
578	97.5616921693758
579	97.03369809725288
580	96.50942291229228
581	95.98883545163083
582	95.47190486431882
583	94.95860060633403
584	94.4488924348176
585	93.9427504089682
586	93.4401448877408
587	92.94104652606804
588	92.44542627048608
589	91.95325535571882
590	91.46450530146753
591	90.9777849382327
592	90.49160974600647
593	90.00872275184155
594	89.52909673708949
595	89.05270475282319
596	88.57952011771103
597	88.10951641483715
598	87.6426674883792
599	87.17894743961034
600	86.71833062414458
601	86.26079164960746
602	85.80630537255608
603	85.35484689541354
604	84.90639156344115
605	84.46091496174671
606	84.01839291168517
607	83.57880146669696
608	83.14211691169696
609	82.70831576073662
610	82.27737475294369
611	81.84927084928088
612	81.42398123141226
613	81.00148330033419
614	80.58175467715289
615	80.1647731993106
616	79.7505169168533
617	79.33896408915678
618	78.93009318282351
619	78.52388287311663
620	78.12031204322184
621	77.71935977751562
622	77.32100535865854
623	76.92522826573091
624	76.53200817167922
625	76.14132494206287
626	75.75315863244359
627	75.36748948671935
628	74.9842979347354
629	74.60356458927794
630	74.22527024531279
631	73.84939587823261
632	73.47592264175182
633	73.10483186565017
634	72.73610505270365
635	72.36972387743458
636	72.00567018393889
637	71.64392598485153
638	71.28447345988643
639	70.92729495390844
640	70.57237297489527
641	70.21969019153086
642	69.86922943188712
643	69.52097368178016
644	69.17490608204783
645	68.8310099270013
646	68.4892686637002
647	68.14966589024348
648	67.81218535403643
649	67.47681095015257
650	67.14352672052397
651	66.81231685268197
652	66.48316567792887
653	66.15605766969297
654	65.8309774412748
655	65.50790974448024
656	65.18683946896556
657	64.8677516402396
658	64.55063141852109
659	64.2354640977229
660	63.92223510487183
661	63.610929998001566
662	63.301534464420605
663	62.99403431916498
664	62.688415502703386
665	62.3846640799208
666	62.08276623974401
667	61.78270829382708
668	61.484476675191424
669	61.188057936865086
670	60.89343875035868
671	60.600605904354715
672	60.30954630384405
673	60.02024696884231
674	59.73269503206856
675	59.44687773811102
676	59.16278244321957
677	58.880396614066775
678	58.59970782660122
679	58.32070376526534
680	58.043372221836876
681	57.76770109414601
682	57.49367838491786
683	57.2212922003316
684	56.9505307473948
685	56.68138233435752
686	56.41383537050587
687	56.147878365079244
688	55.88349992619496
689	55.620688759784265
690	55.35943366848543
691	55.09972355053641
692	54.84154739890044
693	54.58489429965695
694	54.32975343076894
695	54.076114062197334
696	53.823965554814805
697	53.57329735950537
698	53.324099016079884
699	53.07636015258264
700	52.83007048449406
701	52.58521981380054
702	52.341798027718205
703	52.099795097033706
704	51.859201076726144
705	51.62000610560909
706	51.38220040545271
707	51.1457742800946
708	50.91071811432393
709	50.67702237315737
710	50.444677601188545
711	50.21367442140916
712	49.98400353367944
713	49.75565571474715
714	49.52862181806507
715	49.30289277284841
716	49.078459582966175
717	48.85531332662943
718	48.63344515573169
719	48.41284629509133
720	48.19350804169479
721	47.975421763709846
722	47.75857889975155
723	47.54297095852048
724	47.32858951810907
725	47.11542622529088
726	46.90347279481708
727	46.69272100872002
728	46.48316271562394
729	46.274789830054935
730	46.06759433135384
731	45.86156826291476
732	45.65670373223554
733	45.45299291032664
734	45.25042803090786
735	45.04900138926831
736	44.84870534198274
737	44.6495323066206
738	44.45147476137812
739	44.25452524558933
740	44.05867635902658
741	43.863920760680045
742	43.670251168114824
743	43.47766035661247
744	43.28614115879823
745	43.0956864639902
746	42.90628921725579
747	42.71794241946582
748	42.53063912661328
749	42.34437244937487
750	42.159135552705095
751	41.97492165507543
752	41.79172402836131
753	41.609535997256074
754	41.428350938715475
755	41.24816228164898
756	41.0689635063673
757	40.89074814372673
758	40.71350977498189
759	40.53724203152312
760	40.361938594390736
761	40.187593193792736
762	40.01419960861046
763	39.84175166560312
764	39.670243239022305
765	39.4996682503569
766	39.330020667718884
767	39.161294505779914
768	38.99348382538906
769	38.82658273312925
770	38.66058538087724
771	38.49548596526726
772	38.331278727158434
773	38.167957951418394
774	38.00551796653075
775	37.84395314401417
776	37.683257897748966
777	37.52342668401313
778	37.364454001166514
779	37.20633438924938
780	37.04906242958459
781	36.89263274438389
782	36.73703999646591
783	36.5822788891701
784	36.42834416591655
785	36.27523060980252
786	36.122933043229146
787	35.97144632745725
788	35.820765361992564
789	35.67088508464475
790	35.52180047119405
791	35.37350653488387
792	35.225998326201065
793	35.0792709326198
794	34.93331947849279
795	34.788139124823964
796	34.64372506867066
797	34.500072542789354
798	34.35717681529866
799	34.215033189189995
800	34.07363700178268
801	33.932983624794616
802	33.793068464161024
803	33.653886959719394
804	33.51543458489722
805	33.377706846402525
806	33.24069928389797
807	33.10440746961937
808	32.96882700812892
809	32.83395353613736
810	32.699782722218686
811	32.56631026636892
812	32.43353189937823
813	32.301443383026985
814	32.17004050990661
815	32.039319103139746
816	31.90927501608883
817	31.779904132186044
818	31.65120236473903
819	31.523165656609766
820	31.39578997993445
821	31.269071335858822
822	31.143005754268817
823	31.017589293167017
824	30.892818038287697
825	30.768688103457663
826	30.645195630405595
827	30.52233678851276
828	30.40010777456596
829	30.27850481251273
830	30.157524153218397
831	30.0371620741994
832	29.917414879370376
833	29.798278898864552
834	29.67975048874289
835	29.56182603045652
836	29.44450193092651
837	29.32777462247338
838	29.21164056251072
839	29.096096233367568
840	28.98113814203408
841	28.8667628199533
842	28.752966822903765
843	28.639746730789376
844	28.52709914742652
845	28.415020700293187
846	28.303508039989392
847	28.192557840278724
848	28.08216679825722
849	27.972331634160238
850	27.86304909116193
851	27.754315935176802
852	27.64612895461054
853	27.53709530378086
854	27.42826819304535
855	27.319968628607178
856	27.212193529743654
857	27.10493983690418
858	26.998204511653267
859	26.891984536764234
860	26.786276916061514
861	26.681078674179524
862	26.576386856265586
863	26.47219852796428
864	26.368510775278445
865	26.265320704394473
866	26.162625441509103
867	26.06042213265715
868	25.958707943475872
869	25.857480058988568
870	25.756735683572977
871	25.656472040812833
872	25.556686373333683
873	25.45737594264013
874	25.358538028954452
875	25.26016993105657
876	25.162268966125367
877	25.064832469581386
878	24.967857794928488
879	24.871342313459678
880	24.77528341405592
881	24.679678503275515
882	24.58452500522627
883	24.48982036141654
884	24.395562030539146
885	24.30174748818232
886	24.208374226803574
887	24.115439755664482
888	24.022941600740022
889	23.9308773046763
890	23.839244427069243
891	23.748040544120474
892	23.657263248340193
893	23.566910148413207
894	23.476978869007127
895	23.387467050589464
896	23.298372349396598
897	23.20969243723951
898	23.12142500110675
899	23.033567743278756
900	22.946118381272726
901	22.859074647616435
902	22.77243428983326
903	22.686195070333564
904	22.60035476618299
905	22.514911169111926
906	22.42986208543215
907	22.34520533585092
908	22.26093875538514
909	22.1770601932935
910	22.093567512958916
911	22.01045859168631
912	21.92773132056988
913	21.8453836045199
914	21.763413362161685
915	21.681818525723948
916	21.600597040928115
917	21.519746866878467
918	21.439265975933207
919	21.35915235347177
920	21.279403997889183
921	21.200018920534593
922	21.120995145509145
923	21.042330709683878
924	20.96402366264186
925	20.886072066575835
926	20.80847399618673
927	20.73122753858297
928	20.654330793170857
929	20.577781871492654
930	20.50157889717486
931	20.425720005866957
932	20.350203345144955
933	20.275027074389428
934	20.2001893645605
935	20.125688398224494
936	20.051522369528833
937	19.97768948410961
938	19.90418795899978
939	19.831016022538012
940	19.758171914278332
941	19.685653884902457
942	19.61346019619508
943	19.541589121012557
944	19.470038943163214
945	19.398807957318567
946	19.32789446892766
947	19.25729679413194
948	19.187013259632952
949	19.117042202562
950	19.047381970546077
951	18.978030921610873
952	18.90898742405679
953	18.84024985637686
954	18.771816607230708
955	18.703686075369685
956	18.635856669629685
957	18.568326808911316
958	18.501094922004285
959	18.43415944749988
960	18.36751883371469
961	18.30117153861383
962	18.23511602969605
963	18.16935078382789
964	18.10387428726482
965	18.038685035654705
966	17.973781533966555
967	17.909162296418536
968	17.844825846406604
969	17.780770716433636
970	17.716995448038343
971	17.653498591709685
972	17.59027870679854
973	17.52733436148021
974	17.46466413271514
975	17.40226660618225
976	17.340140376209035
977	17.278284045594205
978	17.216696225527333
979	17.155375535675994
980	17.094320604120117
981	17.033530067297693
982	16.973002569926226
983	16.912736764958392
984	16.85273131354603
985	16.792984884995448
986	16.733496156686236
987	16.674263814007503
988	16.615286550297217
989	16.556563066781944
990	16.498092072515323
991	16.439872284202657
992	16.381902426077524
993	16.324181230050907
994	16.26670743567832
995	16.209479790102577
996	16.152497047997073
997	16.095757971509432
998	16.03926133020557
999	15.98300590101422
1000	15.926990468170864
1001	15.871213823148427
1002	15.815674764609591
1003	15.76037209836817
1004	15.70530463733262
1005	15.650471201365713
1006	15.595870617241966
1007	15.541501718700268
1008	15.487363346394005
1009	15.433454347808603
1010	15.379773577227368
1011	15.326319895689704
1012	15.273092170906937
1013	15.220089277253825
1014	15.16731009573187
1015	15.114753513920355
1016	15.062418425927737
1017	15.010303732343223
1018	14.95840834014535
1019	14.90673116255375
1020	14.855271119130386
1021	14.804027135803913
1022	14.752998144820069
1023	14.702183084695799
1024	14.651580900173881
1025	14.601190542177738
1026	14.551010967747203
1027	14.501041139974797
1028	14.451280027998271
1029	14.40172660696187
1030	14.35237985797209
1031	14.303238768013262
1032	14.254302329845384
1033	14.205569542001765
1034	14.157039408830924
1035	14.10871094046282
1036	14.060583152767236
1037	14.01265506728198
1038	13.964925711142646
1039	13.91739411710113
1040	13.870059323493464
1041	13.822920374199963
1042	13.775976318605634
1043	13.729226211560862
1044	13.6826691133424
1045	13.636304089602179
1046	13.59013021129297
1047	13.544146554675525
1048	13.498352201295402
1049	13.452746237945401
1050	13.40732775662827
1051	13.362095854519662
1052	13.317049633931354
1053	13.272188202274755
1054	13.22751067202461
1055	13.183016160683026
1056	13.138703790743689
1057	13.094572689656387
1058	13.050621989778584
1059	13.006850828271354
1060	12.963258347129148
1061	12.919843693183743
1062	12.876606018070213
1063	12.833544478193042
1064	12.79065823468993
1065	12.74794645334921
1066	12.705408304579336
1067	12.663042963400699
1068	12.620849609434647
1069	12.578827426883329
1070	12.536975604506406
1071	12.495293335629691
1072	12.453779818153535
1073	12.412434254472554
1074	12.371255851446874
1075	12.330243820371354
1076	12.289397376941526
1077	12.248715741189354
1078	12.208198137468898
1079	12.167843794449361
1080	12.127651945088092
1081	12.0876218266219
1082	12.047752680526406
1083	12.008043752473467
1084	11.968494292290114
1085	11.929103553898882
1086	11.889870795331037
1087	11.850795278708638
1088	11.811876270179104
1089	11.773113039894016
1090	11.734504862020998
1091	11.696051014716819
1092	11.65775078007853
1093	11.619603444119544
1094	11.581608296764767
1095	11.543764631824827
1096	11.50607174696913
1097	11.468528943671778
1098	11.431135527175396
1099	11.393890806511799
1100	11.35679409448057
1101	11.319844707623558
1102	11.28304196619953
1103	11.24638519415901
1104	11.209873719119285
1105	11.17350687233942
1106	11.137283988671912
1107	11.101204406515542
1108	11.065267467839545
1109	11.029472518160292
1110	10.993818906480229
1111	10.95830598529589
1112	10.922933110597178
1113	10.887699641844081
1114	10.852604941943442
1115	10.817648377225865
1116	10.782829317422799
1117	10.748147135643709
1118	10.713601208342467
1119	10.679190915280289
1120	10.644915639527879
1121	10.610774767447454
1122	10.576767688670714
1123	10.542893796076822
1124	10.50915248574445
1125	10.475543156905546
1126	10.442065211977308
1127	10.408718056548347
1128	10.375501099357614
1129	10.34241375227345
1130	10.309455430272791
1131	10.276625551420489
1132	10.24392353684879
1133	10.21134881073694
1134	10.178900800301196
1135	10.146578935802129
1136	10.114382650514248
1137	10.0823113807028
1138	10.050364565604154
1139	10.018541647406321
1140	9.986842071229589
1141	9.95526528510589
1142	9.923810739931278
1143	9.892477889461919
1144	9.861266190331568
1145	9.83017510202191
1146	9.799204086837621
1147	9.76835260987343
1148	9.737620139015153
1149	9.707006144927444
1150	9.676510101035744
1151	9.646131483516161
1152	9.61586977129659
1153	9.585724446021226
1154	9.555694992028233
1155	9.525780896332332
1156	9.495981648607499
1157	9.466296741169769
1158	9.436725668956157
1159	9.407267929482973
1160	9.377923022814889
1161	9.348690451593013
1162	9.319569721028138
1163	9.29056033888427
1164	9.261661815462304
1165	9.232873663583764
1166	9.204195398574667
1167	9.175626538249487
1168	9.147166602895185
1169	9.11881511525158
1170	9.090571600489334
1171	9.062435586195795
1172	9.034406602372876
1173	9.006484181424126
1174	8.97866785813946
1175	8.950957169679938
1176	8.923351655551777
1177	8.895850857542808
1178	8.86845431975456
1179	8.841161588609278
1180	8.813972212830318
1181	8.786885743432851
1182	8.759901733706393
1183	8.733019739199268
1184	8.706239317712058
1185	8.679560029289402
1186	8.652981436211174
1187	8.626503102971494
1188	8.600124596263957
1189	8.573845484967832
1190	8.547665340134328
1191	8.521583734972957
1192	8.495600244837954
1193	8.469714447200289
1194	8.443925921574566
1195	8.41823424956313
1196	8.392639014873557
1197	8.367139803305845
1198	8.34173620273944
1199	8.316427803120348
1200	8.29121419644832
1201	8.26609497676413
1202	8.241069740136915
1203	8.216138084651611
1204	8.19129961039643
1205	8.166553919447512
1206	8.14190061585328
1207	8.117339305629264
1208	8.09286959674706
1209	8.068491099122056
1210	8.044203424581006
1211	8.020006186833962
1212	7.995899001502007
1213	7.971881486110476
1214	7.947953260076022
1215	7.924113944683831
1216	7.900363163082023
1217	7.876700540277239
1218	7.8531257031122745
1219	7.829638280254637
1220	7.8062379021982515
1221	7.782924201252959
1222	7.759696811533402
1223	7.73655536894799
1224	7.713499511187901
1225	7.690528877716103
1226	7.667643109745988
1227	7.644841850201903
1228	7.622124743744309
1229	7.599491436783435
1230	7.5769415774671165
1231	7.554474815670145
1232	7.532090802983932
1233	7.509789192706225
1234	7.487569639830902
1235	7.46543180103674
1236	7.443375334665984
1237	7.4213999007191305
1238	7.399505160853175
1239	7.377690778371838
1240	7.355956418215733
1241	7.334301746949565
1242	7.312726432731756
1243	7.291230145299184
1244	7.269812555973345
1245	7.248473337671841
1246	7.227212164899755
1247	7.206028713740244
1248	7.184922661844793
1249	7.16389368840945
1250	7.142941474162835
1251	7.1220390592545995
1252	7.1007477659555525
1253	7.07953111712736
1254	7.058388806298062
1255	7.037320528478575
1256	7.016325980153866
1257	6.995404859274169
1258	6.974556865245746
1259	6.9537816989100865
1260	6.933079062536597
1261	6.912448659828098
1262	6.8918901959130245
1263	6.871403377336958
1264	6.8509879120542445
1265	6.830643509419641
1266	6.810369880180017
1267	6.790166736466105
1268	6.770033791784302
1269	6.749970761008508
1270	6.729977360372028
1271	6.7100533074595115
1272	6.69019832119894
1273	6.670412121853662
1274	6.650694431012465
1275	6.631044971558839
1276	6.611463467674619
1277	6.591949644851037
1278	6.572503229881399
1279	6.55312395085342
1280	6.533811537141626
1281	6.514565719399776
1282	6.495386229546854
1283	6.476272800743632
1284	6.457225167401581
1285	6.438243065173484
1286	6.419326230954329
1287	6.400474402876523
1288	6.38168732030469
1289	6.3629647238314595
1290	6.344306355257227
1291	6.32571195756294
1292	6.307181274933728
1293	6.288714052758795
1294	6.270310037624476
1295	6.251968977307326
1296	6.233690620766288
1297	6.215474718129254
1298	6.197321020690381
1299	6.179229280906936
1300	6.16119925239262
1301	6.1432306899109
1302	6.125323349368391
1303	6.107476987808266
1304	6.089691363403711
1305	6.071966235450792
1306	6.0543013643509385
1307	6.0366965116074125
1308	6.019151439830344
1309	6.001665912730643
1310	5.984239695103486
1311	5.966872552817229
1312	5.949564252823299
1313	5.932314563151531
1314	5.915123252903651
1315	5.897990092239729
1316	5.880914852372903
1317	5.863897305570942
1318	5.846937225150562
1319	5.83003438547145
1320	5.8131885619302555
1321	5.796399530946413
1322	5.77966706995036
1323	5.762990957393529
1324	5.746370972744447
1325	5.729806896482999
1326	5.713298510094695
1327	5.696845596064987
1328	5.680447937873607
1329	5.664105319988946
1330	5.647817527862453
1331	5.631584347922979
1332	5.615405567562624
1333	5.5992809751258
1334	5.583210359918597
1335	5.567193512204957
1336	5.551230223195052
1337	5.535320285031676
1338	5.519463490800038
1339	5.503659634525107
1340	5.487908511166354
1341	5.472209916612521
1342	5.456563647676428
1343	5.440969502089796
1344	5.4254272784981055
1345	5.409936776455482
1346	5.394497796418479
1347	5.379110139733156
1348	5.3637736086353485
1349	5.34848800625022
1350	5.333253136587322
1351	5.3180688045356606
1352	5.30293481585877
1353	5.287850977188661
1354	5.272817096005667
1355	5.257832980639523
1356	5.2428984402775765
1357	5.228013284960343
1358	5.213177325576773
1359	5.198390373859533
1360	5.183652242380334
1361	5.168962744545261
1362	5.154321694590148
1363	5.139728907575969
1364	5.1251841993842495
1365	5.1106873867127165
1366	5.096238287077137
1367	5.081836718811428
1368	5.067482501058795
1369	5.053175453766993
1370	5.038915397683921
1371	5.024702154353232
1372	5.010535546109979
1373	4.996415396076281
1374	4.982341528156927
1375	4.9683137670286746
1376	4.954331938132575
1377	4.940395867686097
1378	4.926505382676761
1379	4.9126603108561335
1380	4.898860480734544
1381	4.885105721571236
1382	4.871395863375512
1383	4.8577307369057285
1384	4.844110173665236
1385	4.830534005898335
1386	4.817002066585567
1387	4.80351418943666
1388	4.790070208888841
1389	4.776669960104053
1390	4.763313278965021
1391	4.75000000207135
1392	4.736729966735631
1393	4.723503010979576
1394	4.710318973530097
1395	4.697177693812267
1396	4.684079011937074
1397	4.671022768696349
1398	4.658008805573735
1399	4.645036964742679
1400	4.632107089062723
1401	4.619219022075825
1402	4.606372608002687
1403	4.593567691739113
1404	4.580804118852384
1405	4.568081735577644
1406	4.555400388814319
1407	4.542759926122473
1408	4.530160195717367
1409	4.517601046464885
1410	4.50508232787801
1411	4.492603890117471
1412	4.480165583989227
1413	4.467767260941021
1414	4.455408773058944
1415	4.443089973064035
1416	4.4308107143079285
1417	4.418570850754477
1418	4.40637023698079
1419	4.3942087281880005
1420	4.382086180197539
1421	4.370002449446055
1422	4.357957392984441
1423	4.345950868474567
1424	4.3339827341838655
1425	4.3220528489844305
1426	4.3101610723508665
1427	4.2983072643579545
1428	4.286491285678652
1429	4.274712997579625
1430	4.2629722619179145
1431	4.2512689411378215
1432	4.2396028982678295
1433	4.227973996917514
1434	4.216382101274494
1435	4.2048270761013775
1436	4.19330878673272
1437	4.181827099062913
1438	4.170381879527195
1439	4.158972995121521
1440	4.147600313405833
1441	4.136263702501157
1442	4.124963031086681
1443	4.11369816839686
1444	4.102468984218534
1445	4.091275348888054
1446	4.0801171332884305
1447	4.068994208846497
1448	4.05790644753008
1449	4.04685372184519
1450	4.03583590483323
1451	4.024852870067571
1452	4.0139044916489635
1453	4.002990644205084
1454	3.9921112028885366
1455	3.98126604337413
1456	3.9704550418561713
1457	3.9596780750416367
1458	3.94893502013823
1459	3.9382257548640416
1460	3.9275501574480867
1461	3.91690810662767
1462	3.906299481645534
1463	3.895724162243605
1464	3.885182028661352
1465	3.8746729616363713
1466	3.8641968424014617
1467	3.853753552677378
1468	3.8433429746725807
1469	3.8329649910841357
1470	3.822619485095258
1471	3.8123063403728183
1472	3.802025441064867
1473	3.7917766717981642
1474	3.7815599176757257
1475	3.771375064274379
1476	3.761221997642572
1477	3.751100604295228
1478	3.7410107712059952
1479	3.7309523858156095
1480	3.7209253360324963
1481	3.710929510229529
1482	3.7009647972416597
1483	3.6910310863635982
1484	3.6811282673474954
1485	3.671256230400652
1486	3.661414866183224
1487	3.6516040658059405
1488	3.6418237208265314
1489	3.632073723246166
1490	3.622353965509588
1491	3.6126643405032115
1492	3.6030047415529047
1493	3.5933750624217815
1494	3.583775197307998
1495	3.574205040839376
1496	3.5646644880660876
1497	3.5551534344589077
1498	3.545671775911547
1499	3.5362194087440972
1500	3.526796229701024
1501	3.517402135949058
1502	3.5080370250750947
1503	3.4987007950840634
1504	3.4893933443929663
1505	3.480114571825887
1506	3.4708643766185427
1507	3.461642658417003
1508	3.452449317275659
1509	3.4432842536551926
1510	3.434147368420567
1511	3.425038562839019
1512	3.4159577385780664
1513	3.406904797703522
1514	3.3978796426775175
1515	3.3888821763564896
1516	3.3799123019858652
1517	3.3709699231964194
1518	3.3620549440078835
1519	3.353167268827568
1520	3.3443068024484526
1521	3.335473450047281
1522	3.3266671171826685
1523	3.3178877097932222
1524	3.3091351341956607
1525	3.30040929708295
1526	3.2917101055224487
1527	3.28303746695406
1528	3.274391289188393
1529	3.2657714804049323
1530	3.257177949150219
1531	3.248610604336038
1532	3.240069355237615
1533	3.2315541114918256
1534	3.2230647830953716
1535	3.214601280398474
1536	3.206163514099067
1537	3.197751395250027
1538	3.189364835258624
1539	3.1810037458847944
1540	3.172668039240642
1541	3.164357627790108
1542	3.156072424345075
1543	3.1478123420633537
1544	3.139577294444766
1545	3.1313671953248066
1546	3.1231819588787704
1547	3.1150214996199304
1548	3.1068857323984918
1549	3.098774572401108
1550	3.090687935149319
1551	3.08262573649885
1552	3.0745878926387147
1553	3.0665743200894124
1554	3.058584935697736
1555	3.050619656634428
1556	3.042678400397629
1557	3.0347610848116706
1558	3.026867628025506
1559	3.0189979485111578
1560	3.0111519650621577
1561	3.0033295967922053
1562	2.9955307631344636
1563	2.9877553838392856
1564	2.980003378972343
1565	2.972274668913105
1566	2.964569174353338
1567	2.9568868162956004
1568	2.9492275160517503
1569	2.941591195241461
1570	2.9339777757907406
1571	2.9263871799304617
1572	2.9188193301942933
1573	2.9112741494131145
1574	2.903751560716579
1575	2.896251487534222
1576	2.888773853594034
1577	2.881318582920477
1578	2.873885599827865
1579	2.866474828921776
1580	2.859086195101245
1581	2.851719623557427
1582	2.8443750397721956
1583	2.8370523695160803
1584	2.829751538843909
1585	2.822472474096088
1586	2.815215101898529
1587	2.807979349161291
1588	2.8007651430772387
1589	2.793572411120693
1590	2.786401081046031
1591	2.7792510808831525
1592	2.7721223389352514
1593	2.7650147837822194
1594	2.7579283442797125
1595	2.7508629495578476
1596	2.743818529019913
1597	2.736795012341074
1598	2.729792329467095
1599	2.7228104106130586
1600	2.715849186262097
1601	2.7089085871641263
1602	2.7019885443345886
1603	2.6950889890531906
1604	2.688209852860529
1605	2.6813510675537873
1606	2.674512565190426
1607	2.667694278087848
1608	2.6608961388221672
1609	2.6541180802248
1610	2.647360035378551
1611	2.6406219376214066
1612	2.633903720546162
1613	2.6272053179992274
1614	2.6205266640794505
1615	2.613867693136933
1616	2.607228339771862
1617	2.6006085388333404
1618	2.594008225418227
1619	2.587427334869979
1620	2.5808658027774993
1621	2.5743235649737377
1622	2.567800557531879
1623	2.561296716765435
1624	2.554811979229036
1625	2.5483462817173406
1626	2.5418995612639166
1627	2.5354717551401285
1628	2.529062800854027
1629	2.5226726361492484
1630	2.516301199001924
1631	2.5099484276148085
1632	2.5036142604221343
1633	2.4972986360901506
1634	2.491001493516048
1635	2.48472277182689
1636	2.4784624103785515
1637	2.472220348754652
1638	2.4659965267655064
1639	2.4597908844470764
1640	2.4536033620599196
1641	2.4474339000881544
1642	2.44128243923842
1643	2.435148920438849
1644	2.4290332848380842
1645	2.4229354738061257
1646	2.4168554289348503
1647	2.4107930920353997
1648	2.404748405137044
1649	2.398721310486183
1650	2.392711750545355
1651	2.386719667992248
1652	2.3807450057187145
1653	2.3747877068297947
1654	2.3688477146427394
1655	2.362924972686425
1656	2.357019424698801
1657	2.351131014624159
1658	2.3452596866164663
1659	2.339405385038413
1660	2.3335680544598936
1661	2.3277476396570616
1662	2.321944085611075
1663	2.316157337505184
1664	2.310387340725385
1665	2.304634040860642
1666	2.2988973837019717
1667	2.2931773152415316
1668	2.28747378167171
1669	2.2817867293842236
1670	2.2761161049692133
1671	2.2704618552143496
1672	2.2648239271039365
1673	2.2592022678180257
1674	2.2535968247315297
1675	2.2480075454133406
1676	2.242434377625454
1677	2.236877269322094
1678	2.2313361686488458
1679	2.225811023941764
1680	2.2203017837255032
1681	2.2148083967106134
1682	2.2093308117901365
1683	2.2038689780437957
1684	2.198422844738525
1685	2.192992361327627
1686	2.187577477449946
1687	2.182178142929029
1688	2.1767943077723038
1689	2.171425922170254
1690	2.1660729364955995
1691	2.1607353013024797
1692	2.155412967325642
1693	2.150105885479631
1694	2.144814006857985
1695	2.1395372827323023
1696	2.134275664550658
1697	2.1290291039370417
1698	2.1237975526903132
1699	2.1185809627847165
1700	2.1133792863693315
1701	2.108192475767298
1702	2.1030204834750372
1703	2.0978632621614848
1704	2.092720764667319
1705	2.087592944004196
1706	2.082479753351651
1707	2.0773811460521348
1708	2.072297075616323
1709	2.067227495723675
1710	2.0621723602215716
1711	2.0571316231240955
1712	2.052105238611714
1713	2.0470931610307415
1714	2.0420953448923043
1715	2.037111744871028
1716	2.0321423158051717
1717	2.027187012696109
1718	2.022245790707591
1719	2.017318605164824
1720	2.0124054115538095
1721	2.007506165520766
1722	2.002620822871435
1723	1.997749339570371
1724	1.992891671740249
1725	1.9880477756611659
1726	1.9832176077699493
1727	1.9784011246594648
1728	1.9735982830779333
1729	1.9688090399282447
1730	1.9640333522670057
1731	1.9592711772980969
1732	1.9545224723713739
1733	1.949787194989083
1734	1.9450653028058986
1735	1.9403567536282587
1736	1.9356615054137085
1737	1.930979516270245
1738	1.9263107444556635
1739	1.9216551483769058
1740	1.9170126865894164
1741	1.9123833177964964
1742	1.9077670008486618
1743	1.9031636947430035
1744	1.898573358622554
1745	1.89399595177565
1746	1.8894314336353055
1747	1.8848797637785588
1748	1.8803409019252595
1749	1.875814807937463
1750	1.8713014418195306
1751	1.8668007637175532
1752	1.862312733918734
1753	1.8578373128507817
1754	1.853374461081264
1755	1.8489241393145988
1756	1.8444863083900986
1757	1.840060929285322
1758	1.8356479631158809
1759	1.8312473711348485
1760	1.8268591147321653
1761	1.822483155433968
1762	1.8181194549012332
1763	1.8137679749291447
1764	1.8094286774470587
1765	1.8051015245183137
1766	1.8007864783390892
1767	1.7964835012362108
1768	1.7921925556683986
1769	1.7879136042262653
1770	1.7836466096317545
1771	1.7793915347375777
1772	1.775148342526652
1773	1.7709169961115465
1774	1.766697458733925
1775	1.7624896937639927
1776	1.758293664699947
1777	1.7541093351674288
1778	1.749936668918921
1779	1.7457756298312417
1780	1.7416261819047079
1781	1.7374882892659091
1782	1.733361916167977
1783	1.729247026989673
1784	1.725143586234836
1785	1.7210515585318547
1786	1.7169709086331475
1787	1.7129016014146408
1788	1.7088436018752517
1789	1.7047968751363738
1790	1.7007613864413598
1791	1.6967371011550136
1792	1.6927239847631999
1793	1.688722002872487
1794	1.6847311212093932
1795	1.680751305619843
1796	1.676782522068668
1797	1.6728247366391045
1798	1.6688779155323012
1799	1.6649420250668217
1800	1.6610170316779487
1801	1.6571029019149832
1802	1.6531996024413258
1803	1.6493071000333066
1804	1.6454253615816208
1805	1.6415543540920652
1806	1.6376940446850663
1807	1.6338444005952018
1808	1.6300053891707273
1809	1.6261769778731048
1810	1.6223591342765322
1811	1.6185518260671576
1812	1.6147550210415391
1813	1.6109686871072326
1814	1.6071927922827285
1815	1.6034273046969927
1816	1.5996721925890096
1817	1.5959274243073263
1818	1.592192968309598
1819	1.5884687931621382
1820	1.5847548675394671
1821	1.5810511602238644
1822	1.5773576401049216
1823	1.5736742761791007
1824	1.5700010375492879
1825	1.5663378934242596
1826	1.5626848131166482
1827	1.559041766042903
1828	1.5554087217243786
1829	1.5517856497869549
1830	1.5481725199606073
1831	1.5445693020789777
1832	1.5409759660789457
1833	1.537392482000206
1834	1.533818819984843
1835	1.5302549502769096
1836	1.526700843222007
1837	1.5231564692668664
1838	1.5196217989589316
1839	1.5160968029459452
1840	1.5125814519755343
1841	1.5090757168947995
1842	1.5055795686499036
1843	1.5020929782856665
1844	1.4986159169451534
1845	1.495148355869275
1846	1.4916902663963814
1847	1.4882416199618602
1848	1.4848023880975811
1849	1.4813725424290942
1850	1.4779520546759408
1851	1.4745408966534719
1852	1.471139040272525
1853	1.467746457539033
1854	1.4643631205536356
1855	1.4609890015112916
1856	1.457624072700894
1857	1.4542683065048843
1858	1.4509216753988712
1859	1.4475841519512005
1860	1.444255708821708
1861	1.4409363187614759
1862	1.4376259546132741
1863	1.4343245893113519
1864	1.4310321958808907
1865	1.4277487474373582
1866	1.4244742171863911
1867	1.421208578423546
1868	1.417951804534445
1869	1.4147038689944131
1870	1.4114501923992726
1871	1.408121041292304
1872	1.4048005866029138
1873	1.4014888028266097
1874	1.398185664544549
1875	1.3948911464231943
1876	1.391605223213967
1877	1.3883278697529047
1878	1.3850590609603173
1879	1.3817987718404472
1880	1.3785469774811279
1881	1.3753036530534475
1882	1.37206877381141
1883	1.3688423150915998
1884	1.3656242523128488
1885	1.3624145609759006
1886	1.359213216663081
1887	1.356020195037967
1888	1.3528354718450564
1889	1.3496590229094416
1890	1.346490824136483
1891	1.3433308515114828
1892	1.3401790810993603
1893	1.3370354890442933
1894	1.3339000515682595
1895	1.3307727449705655
1896	1.3276535456289547
1897	1.3245424299994173
1898	1.321439374615876
1899	1.3183443560898498
1900	1.315257351108857
1901	1.3121783364355066
1902	1.309107288909125
1903	1.3060441854456224
1904	1.3029890030371873
1905	1.29994171875198
1906	1.2969023097338204
1907	1.2938707532014766
1908	1.290847026448187
1909	1.287831106841935
1910	1.2848229718252009
1911	1.2818225989146623
1912	1.2788299657008992
1913	1.2758450498480975
1914	1.2728678290937558
1915	1.2698982812483806
1916	1.266936384194296
1917	1.2639821158847497
1918	1.2610354543452051
1919	1.2580963776732288
1920	1.2551648640382052
1921	1.2522408916810506
1922	1.2493244389139304
1923	1.2464154841199735
1924	1.2435140057529919
1925	1.2406199823371995
1926	1.237733392466932
1927	1.2348542148063668
1928	1.2319824280892482
1929	1.2291180111186082
1930	1.226260942766492
1931	1.223411201973659
1932	1.2205687677481811
1933	1.2177336191647705
1934	1.2149057353661104
1935	1.2120850955627167
1936	1.2092716790326692
1937	1.206465465121321
1938	1.2036664332399618
1939	1.2008745628652393
1940	1.1980898335404322
1941	1.1953122248753107
1942	1.192541716545876
1943	1.189778288294099
1944	1.1870219199276622
1945	1.1842725913196992
1946	1.181530282408541
1947	1.178794973197456
1948	1.176066643754398
1949	1.1733452742117492
1950	1.1706308447660692
1951	1.1679233356778407
1952	1.1652227272712146
1953	1.162528999933421
1954	1.159842134114303
1955	1.1571621103266054
1956	1.1544889091457833
1957	1.1518225112097533
1958	1.1491628972186532
1959	1.146510047934593
1960	1.143863944181416
1961	1.141224566844453
1962	1.1385918968702833
1963	1.1359659152660333
1964	1.133346603097262
1965	1.1307339414894815
1966	1.1281279116287182
1967	1.12552849476128
1968	1.1229356721935206
1969	1.120349425291605
1970	1.117769735481277
1971	1.1151965842476268
1972	1.1126299531348594
1973	1.1100698237460644
1974	1.1075161777429878
1975	1.1049689968458005
1976	1.1024282628328732
1977	1.0998939575405473
1978	1.0973660628629105
1979	1.094844560751571
1980	1.0923294332154374
1981	1.0898206623209707
1982	1.0873182301925752
1983	1.0848221190118215
1984	1.0823323110171492
1985	1.0798487885036483
1986	1.0773715338228407
1987	1.0749005293824634
1988	1.0724357576462522
1989	1.0699772011337256
1990	1.067524842419971
1991	1.0650786641354297
1992	1.062638648965684
1993	1.0602047796512466
1994	1.057777038987015
1995	1.055355409820933
1996	1.0529398750549177
1997	1.0505304176450025
1998	1.04812702060121
1999	1.0457296669873761
2000	1.0433383399209424
2001	1.040953022572751
2002	1.0385736981665752
2003	1.0362003499783645
2004	1.0338329613367343
2005	1.031471515622983
2006	1.0291159962709147
2007	1.0267663867666381
2008	1.0244226706483683
2009	1.0220848315062256
2010	1.0197528529820408
2011	1.0174267187691544
2012	1.0151064126122222
2013	1.0127919183070195
2014	1.010483219700244
2015	1.0081803006893233
2016	1.0058831452222208
2017	1.003591737297243
2018	1.0013060609628621
2019	0.9990261003175176
2020	0.9967518395094165
2021	0.9944832627363419
2022	0.9922203542454654
2023	0.9899630983329692
2024	0.9877114793434595
2025	0.9854654816688777
2026	0.9832250897484486
2027	0.9809902880700538
2028	0.9787610611701272
2029	0.9765373936334704
2030	0.9743192700930702
2031	0.9721066752299163
2032	0.9698995937728212
2033	0.967698010498238
2034	0.9655019102300806
2035	0.9633112778395447
2036	0.9611260982449296
2037	0.9589463564114584
2038	0.9567720373511026
2039	0.9546031261224042
2040	0.9524396078302995
2041	0.9502814676259426
2042	0.9481286907064478
2043	0.9459812623146835
2044	0.9438391677389902
2045	0.9417023923129175
2046	0.9395709214154486
2047	0.9374447404708652
2048	0.9353238349485788
2049	0.9332081903629609
2050	0.9310977922731731
2051	0.9289926262830022
2052	0.9268926780407377
2053	0.9247979332390249
2054	0.9227083776145925
2055	0.9206239969465485
2056	0.9185447770561119
2057	0.9164707038082709
2058	0.9144017631117235
2059	0.912337940918717
2060	0.9102792232249277
2061	0.9082255960693097
2062	0.9061770455338815
2063	0.9041335577435613
2064	0.9020951188659705
2065	0.9000617151110213
2066	0.8980333327309479
2067	0.8960099580202973
2068	0.8939915773157726
2069	0.8919781769960772
2070	0.8899697434817588
2071	0.8879662632350542
2072	0.8859677227597349
2073	0.8839741086009535
2074	0.8819854073450893
2075	0.8800016056195958
2076	0.8780226900928493
2077	0.8760486474739949
2078	0.8740794645127983
2079	0.8721151279994912
2080	0.8701556247646257
2081	0.8682009416789208
2082	0.8662510656531152
2083	0.8643059836378189
2084	0.8623656826229786
2085	0.8604301496354828
2086	0.858499371740484
2087	0.8565733360426668
2088	0.8546520296861504
2089	0.8527354398543439
2090	0.8508235537698029
2091	0.848916358694087
2092	0.8470138419276174
2093	0.8451159908095348
2094	0.8432227927175573
2095	0.8413342350678411
2096	0.8394503053148387
2097	0.8375709909511597
2098	0.8356962795074313
2099	0.8338261585521592
2100	0.8319606156915901
2101	0.8300996385695724
2102	0.8282432148674198
2103	0.8263913323037743
2104	0.8245439786344677
2105	0.8227011416522301
2106	0.8208628091864516
2107	0.8190289691033233
2108	0.8171996093057355
2109	0.8153747177331422
2110	0.8135542823614292
2111	0.81173829120278
2112	0.8099267323055446
2113	0.8081195937539868
2114	0.8063168636669249
2115	0.8045185301981921
2116	0.80272458153741
2117	0.8009350059098728
2118	0.7991497915764185
2119	0.7973689268333006
2120	0.7955924000120594
2121	0.7938201994794065
2122	0.7920523136371945
2123	0.7902887309222348
2124	0.7885294398061102
2125	0.7867744287950488
2126	0.7850236864297986
2127	0.7832772012853862
2128	0.7815349619707281
2129	0.7797969571288246
2130	0.7780631754367183
2131	0.7763336056053722
2132	0.7746082363795478
2133	0.772887056537682
2134	0.771170054891777
2135	0.7694572202872753
2136	0.7677485416029317
2137	0.7660440077506934
2138	0.7643436076755804
2139	0.7626473303555595
2140	0.7609551648013614
2141	0.7592671000563919
2142	0.7575831251964524
2143	0.755903229328705
2144	0.7542274015923877
2145	0.7525556311593744
2146	0.7508879072341897
2147	0.7492242190537551
2148	0.7475645558872691
2149	0.7459089070360926
2150	0.7442572618336352
2151	0.7426096096452434
2152	0.7409659398680852
2153	0.7393262419310404
2154	0.737690505294586
2155	0.7360587194506867
2156	0.7344308739226819
2157	0.7328069582651765
2158	0.7311869620639283
2159	0.7295708749357404
2160	0.7279586865283488
2161	0.7263503865203155
2162	0.7247459646209173
2163	0.7231454105700392
2164	0.7215487141380648
2165	0.7199558651257689
2166	0.7183668533642106
2167	0.7167816687146247
2168	0.7152003010682784
2169	0.7136227403459916
2170	0.7120489764981803
2171	0.7104789995043437
2172	0.7089127993729907
2173	0.707350366142268
2174	0.7057916898798913
2175	0.7042367606830415
2176	0.7026855686782628
2177	0.7011381040213589
2178	0.6995943568972913
2179	0.6980543175200776
2180	0.6965179761326893
2181	0.6949853230069728
2182	0.6934563484436846
2183	0.691931042772294
2184	0.6904093963508106
2185	0.6888913995656836
2186	0.6873770428317042
2187	0.6858663165919043
2188	0.6843592113174596
2189	0.6828557175075898
2190	0.6813558256894616
2191	0.6798595264180906
2192	0.6783668102762437
2193	0.6768776678743424
2194	0.6753920898503658
2195	0.6739100668697547
2196	0.6724315896253148
2197	0.6709566488371218
2198	0.6694852352524069
2199	0.6680173396449386
2200	0.666552952814897
2201	0.665092065589403
2202	0.663634668822458
2203	0.6621807533948534
2204	0.6607303102140746
2205	0.6592833302142149
2206	0.6578398043558938
2207	0.6563997236261543
2208	0.6549630790383688
2209	0.6535298616321478
2210	0.6521000624732473
2211	0.6506736726534792
2212	0.649250683290621
2213	0.6478310855283239
2214	0.6464148705360253
2215	0.6450020295088569
2216	0.6435925536675564
2217	0.6421864342583792
2218	0.6407836625530078
2219	0.6393842298484655
2220	0.637988127467027
2221	0.6365953467561306
2222	0.6352058790882914
2223	0.6338197158610126
2224	0.6324368484966683
2225	0.6310572684424118
2226	0.6296809671699991
2227	0.628307936174816
2228	0.6269381669763936
2229	0.6255716511188526
2230	0.6242083801708219
2231	0.622848345725354
2232	0.6214915393998409
2233	0.6201379528359305
2234	0.6187875776994427
2235	0.6174404056802857
2236	0.6160964284923737
2237	0.6147556378735436
2238	0.6134180255854726
2239	0.6120835834135998
2240	0.6107523031671365
2241	0.6094241766789821
2242	0.6080991958055451
2243	0.6067773524266562
2244	0.6054586384454878
2245	0.6041430457884738
2246	0.6028305664052291
2247	0.6015211922684692
2248	0.6002149153739325
2249	0.5989117277403568
2250	0.5976116214094962
2251	0.5963145884459687
2252	0.5950206209371656
2253	0.5937297109931611
2254	0.592441850746236
2255	0.5911570323507485
2256	0.5898752479835594
2257	0.5885964898439899
2258	0.587320750153744
2259	0.5860480211568325
2260	0.584778295119498
2261	0.5835115643301385
2262	0.5822478210992342
2263	0.5809870577592713
2264	0.5797292666646675
2265	0.5784744401916989
2266	0.5772225707384251
2267	0.575973650724615
2268	0.574727672591675
2269	0.573484628802574
2270	0.5722445118417706
2271	0.571007314215142
2272	0.5697730284499087
2273	0.5685416470945647
2274	0.5673131627188043
2275	0.56608756791345
2276	0.5648648552903816
2277	0.5636450174824645
2278	0.5624280471434787
2279	0.5612139369480479
2280	0.5600026795915579
2281	0.5587942677897194
2282	0.5575886942784323
2283	0.5563859518141929
2284	0.5551860331740573
2285	0.5539889311555709
2286	0.5527946385767003
2287	0.5516031482757644
2288	0.5504144531112505
2289	0.5492285459614779
2290	0.5480454197248503
2291	0.5468650673198742
2292	0.5456874816850908
2293	0.5445126557790102
2294	0.5433405825800434
2295	0.5421712550864363
2296	0.5410046663162095
2297	0.5398408093071583
2298	0.5386796771167601
2299	0.5375212628220567
2300	0.5363655595195723
2301	0.5352125603252572
2302	0.5340622583744312
2303	0.5329146468217179
2304	0.5317697188409806
2305	0.5306274676252588
2306	0.5294878863867026
2307	0.5283509683564537
2308	0.5272167067840986
2309	0.5260850949378841
2310	0.524956126104979
2311	0.5238297935914147
2312	0.5227060907220223
2313	0.5215850108403709
2314	0.5204665473087046
2315	0.5193506935078802
2316	0.5182374428373064
2317	0.5171267887148818
2318	0.5160187245769324
2319	0.5149132438781515
2320	0.5138103400915388
2321	0.5127100067083381
2322	0.5116122372379781
2323	0.5105170252080119
2324	0.5094243641640551
2325	0.5083342476697281
2326	0.5072466693065815
2327	0.5061616226738144
2328	0.5050791013882501
2329	0.5039990990844884
2330	0.5029216094148543
2331	0.5018466260493396
2332	0.5007741426755444
2333	0.4997041529986135
2334	0.49863665074083524
2335	0.49757162964140833
2336	0.49650908345692846
2337	0.49544900596138414
2338	0.4943913909460995
2339	0.4933362322196767
2340	0.4922835236079405
2341	0.49123325895388087
2342	0.49018543211759763
2343	0.4891400369762433
2344	0.4880970674239683
2345	0.4870565173718641
2346	0.4860183807479089
2347	0.48498265149691144
2348	0.4839493235804554
2349	0.48291839097684053
2350	0.48188984768102855
2351	0.48086368770459254
2352	0.4798399050756912
2353	0.47881849383905273
2354	0.47779944805585856
2355	0.4767827618036792
2356	0.4757684291764201
2357	0.4747564442842686
2358	0.4737468012536401
2359	0.472739494227125
2360	0.4717345173634358
2361	0.470731864837354
2362	0.46973153083967767
2363	0.46873350957716875
2364	0.46773779527247156
2365	0.466744382163751
2366	0.4657532645047721
2367	0.4647644365650766
2368	0.4637778926299356
2369	0.46279362700029814
2370	0.461811633992741
2371	0.4608319079394171
2372	0.4598544431880054
2373	0.4588792341016606
2374	0.45790627505896214
2375	0.45693556045386474
2376	0.4559670846956483
2377	0.4550008422088679
2378	0.45403682743330415
2379	0.4530750348239142
2380	0.45211545885078164
2381	0.45115809399906803
2382	0.4502029347689631
2383	0.4492499756756418
2384	0.4482992112492397
2385	0.4473506360347933
2386	0.44640424459237177
2387	0.445460031497149
2388	0.44451799133917735
2389	0.44357811872332603
2390	0.4426404082692291
2391	0.4417048546112331
2392	0.44077145239835813
2393	0.43984019629425225
2394	0.4389110809771449
2395	0.4379841011397999
2396	0.4370592514894688
2397	0.43613652674784475
2398	0.4352159216510157
2399	0.43429743094941914
2400	0.4333810494077948
2401	0.43246677180513704
2402	0.431554592934512
2403	0.43064450760296435
2404	0.42973651063165946
2405	0.42883059685585295
2406	0.42792676112484523
2407	0.4270249983019374
2408	0.4261253032643868
2409	0.4252276709033617
2410	0.4243320961238981
2411	0.4234385738448024
2412	0.42254709899836795
2413	0.4216576665305465
2414	0.4207702714010166
2415	0.41988490858314087
2416	0.41900157306392233
2417	0.4181202598439612
2418	0.4172409639374119
2419	0.41636368037193994
2420	0.4154884041886792
2421	0.4146151304421895
2422	0.41374385420041343
2423	0.4128745705446345
2424	0.4120072745694343
2425	0.411141961382651
2426	0.41027862610533716
2427	0.4094172638717171
2428	0.40855786982914616
2429	0.4077004391380683
2430	0.4068449669719752
2431	0.40599144851736435
2432	0.40513987897369796
2433	0.4042902535533624
2434	0.4034425674816258
2435	0.40259681599659913
2436	0.4017529943491827
2437	0.40091109780288303
2438	0.40007112163380054
2439	0.39923306113043405
2440	0.39839691159376117
2441	0.3975626683374011
2442	0.3967303266875788
2443	0.39589988198308584
2444	0.3950713295752405
2445	0.3942446648278494
2446	0.39341988311716797
2447	0.3925969798318614
2448	0.39177595037296636
2449	0.39095679015385437
2450	0.39013949460019515
2451	0.3893240591499143
2452	0.38851047925315446
2453	0.3876987503722369
2454	0.3868888679816237
2455	0.38608082756787954
2456	0.38527462462963413
2457	0.3844702546775443
2458	0.38366771323425664
2459	0.3828669958343706
2460	0.382068098024399
2461	0.3812710153627162
2462	0.380475743419403
2463	0.3796822777762526
2464	0.3788906140268335
2465	0.37810074777645625
2466	0.37731267464213664
2467	0.37652639025255885
2468	0.37574189024803983
2469	0.37495917028049214
2470	0.37417822601338885
2471	0.37339905312172683
2472	0.37262164729199093
2473	0.3718460042221187
2474	0.3710721196214524
2475	0.3702999892104408
2476	0.36952960872060897
2477	0.36876097389480533
2478	0.3679940804871802
2479	0.36722892426315074
2480	0.36646550099936653
2481	0.36570380648367506
2482	0.3649438365150874
2483	0.3641855869037437
2484	0.36342905347087706
2485	0.36267423204878013
2486	0.36192111848075575
2487	0.36116970862099707
2488	0.3604199983346266
2489	0.3596719834977058
2490	0.3589256599972011
2491	0.35818102373095134
2492	0.35743807060763383
2493	0.35669679654673103
2494	0.35595719747849824
2495	0.35521926934392967
2496	0.35448300809472594
2497	0.3537484096932614
2498	0.35301547011255113
2499	0.3522841853362183
2500	0.35155455135846203
2501	0.3508265641840246
2502	0.3501002198281592
2503	0.3493755143165978
2504	0.34865244368551895
2505	0.3479310039815158
2506	0.34721119126156397
2507	0.3464930015929902
2508	0.34577643105343986
2509	0.34506147573084595
2510	0.3443481317233376
2511	0.34363639513886657
2512	0.3429262620954399
2513	0.34221772872126477
2514	0.3415107911547121
2515	0.3408054455442871
2516	0.3401016880485979
2517	0.33939951483632563
2518	0.3386989220861943
2519	0.3379999059869398
2520	0.33730246273728054
2521	0.33660658854588726
2522	0.33591227963135273
2523	0.33521953222216266
2524	0.33452834255666486
2525	0.3338387068830405
2526	0.3331506214592741
2527	0.3324640825531241
2528	0.33177908644209353
2529	0.33109562941340054
2530	0.33041370776394924
2531	0.3297333178003006
2532	0.3290544558386431
2533	0.3283771182047463
2534	0.3277013012339201
2535	0.3270270012709807
2536	0.3263542146701525
2537	0.32568293779513435
2538	0.3250131670190951
2539	0.32434489872464484
2540	0.32367812930380735
2541	0.3230128551579907
2542	0.32234907269796054
2543	0.3216867783438105
2544	0.32102596852493526
2545	0.3203666396799824
2546	0.31970878825663285
2547	0.31905241071166757
2548	0.31839750351107216
2549	0.31774406313001174
2550	0.31709208605280353
2551	0.31644156877288987
2552	0.315792507792811
2553	0.3151448996241781
2554	0.3144987407876465
2555	0.3138540278128889
2556	0.3132107572385685
2557	0.31256892561231225
2558	0.31192852949068467
2559	0.31128956543916075
2560	0.31065203003210035
2561	0.31001591985272176
2562	0.3093812314931202
2563	0.30874796155426387
2564	0.30811610664590217
2565	0.3074856633865328
2566	0.30685662840337596
2567	0.30622899833234873
2568	0.3056027698180388
2569	0.3049779395136792
2570	0.30435450408112247
2571	0.30373246019081546
2572	0.30311180452177316
2573	0.3024925337615542
2574	0.30187464460623487
2575	0.3012581337603843
2576	0.3006429979370388
2577	0.30002923385767727
2578	0.29941683825219617
2579	0.29880580785888394
2580	0.2981961394243467
2581	0.29758782970334846
2582	0.2969808754589388
2583	0.2963752734625204
2584	0.29577102049391246
2585	0.2951681133412707
2586	0.2945665488010528
2587	0.2939663236779945
2588	0.29336743478508487
2589	0.292769878943543
2590	0.2921736529827956
2591	0.2915787537404529
2592	0.29098517806228397
2593	0.29039292280219325
2594	0.28980198482219627
2595	0.2892123609923969
2596	0.28862404819096354
2597	0.2880370433041063
2598	0.2874513432260531
2599	0.28686694485902686
2600	0.28628384511322247
2601	0.2857020409067836
2602	0.28512152916577943
2603	0.2845423068241824
2604	0.28396437082384
2605	0.28338771811441565
2606	0.28281234565338736
2607	0.282238250406046
2608	0.2816654293454736
2609	0.28109387945252
2610	0.28052359771578106
2611	0.27995458113157784
2612	0.27938682670398657
2613	0.27882033144481816
2614	0.27825509237351714
2615	0.2776911065170153
2616	0.2771283709097971
2617	0.27656688259394235
2618	0.2760066386191043
2619	0.27544763604248884
2620	0.27488987192883196
2621	0.2743333433503791
2622	0.27377804738686323
2623	0.27322398112548335
2624	0.2726711416608835
2625	0.2721195260951314
2626	0.271569131537697
2627	0.27101995510543175
2628	0.27047199392254706
2629	0.2699252451205937
2630	0.2693797058384405
2631	0.2688353732222536
2632	0.26829224442547545
2633	0.2677503166088045
2634	0.2672095869401737
2635	0.2666700525947307
2636	0.2661317107548162
2637	0.2655945586099445
2638	0.26505859335678233
2639	0.2645238121991285
2640	0.2639902123478938
2641	0.26345779102108025
2642	0.2629265454437612
2643	0.26239647284805967
2644	0.2618675704731258
2645	0.2613398355651202
2646	0.2608132653771938
2647	0.26028785716946873
2648	0.2597636082089801
2649	0.25924051576956264
2650	0.25871857713194185
2651	0.2581977895837446
2652	0.25767815041947995
2653	0.25715965694051934
2654	0.25664230645507735
2655	0.25612609627819244
2656	0.2556110237317073
2657	0.2550970861442501
2658	0.25458428085121465
2659	0.2540726051947416
2660	0.25356205652369973
2661	0.2530526321936659
2662	0.2525443295669072
2663	0.25203714601236116
2664	0.2515310789056172
2665	0.2510261256288979
2666	0.25052228357104006
2667	0.25001955012747606
2668	0.24951792270021506
2669	0.24901739869782455
2670	0.24851797553541174
2671	0.24801965063460504
2672	0.24752242142353545
2673	0.24702628533681842
2674	0.24653123981552352
2675	0.24603728230713484
2676	0.24554441026556095
2677	0.24505262115112292
2678	0.24456191243053585
2679	0.24407228157689115
2680	0.24358372606963818
2681	0.24309624339455138
2682	0.2426098310435736
2683	0.2421244865148698
2684	0.24164020731290348
2685	0.24115699094842058
2686	0.2406748349384318
2687	0.240193736806195
2688	0.23971369408119783
2689	0.23923470429914045
2690	0.23875676500191823
2691	0.23827987373760398
2692	0.23780402806043177
2693	0.23732922553077967
2694	0.23685546371515176
2695	0.23638274018616126
2696	0.2359110525225131
2697	0.23544039830898741
2698	0.23497077513642203
2699	0.23450218060169584
2700	0.23403461230771203
2701	0.233568067863381
2702	0.23310254488360363
2703	0.23263804098925464
2704	0.23217455380716603
2705	0.23171208097010998
2706	0.2312506201167828
2707	0.23079016889178813
2708	0.23033072494561976
2709	0.22987228593463602
2710	0.2294148495210383
2711	0.22895841337286024
2712	0.2285029751639516
2713	0.2280485325739622
2714	0.22759508328831524
2715	0.22714262499811635
2716	0.22669115540018572
2717	0.2262406721970859
2718	0.22579117309710622
2719	0.22534265581424714
2720	0.22489511806820442
2721	0.22444855758435336
2722	0.22400297209373163
2723	0.223558359333018
2724	0.22311471704452177
2725	0.22267204297616977
2726	0.22223033488149022
2727	0.22178959051959782
2728	0.22134980765517642
2729	0.22091098405846105
2730	0.2204731175052263
2731	0.22003620577677183
2732	0.21960024665990677
2733	0.21916523794693515
2734	0.2187311774356402
2735	0.21829806292926993
2736	0.21786589223652159
2737	0.21743466317152668
2738	0.21700437355383587
2739	0.21657502120840413
2740	0.21614660396557586
2741	0.21571911966106988
2742	0.21529256613595338
2743	0.214866941236617
2744	0.2144422428147797
2745	0.21401846872747676
2746	0.21359561683704473
2747	0.2131736850110645
2748	0.21275267112230392
2749	0.21233257304878472
2750	0.21191338867377954
2751	0.21149511588579756
2752	0.21107775257857028
2753	0.21066129665103725
2754	0.2102457460073316
2755	0.20983109855676713
2756	0.20941735221386545
2757	0.20900450489835715
2758	0.2085925545351091
2759	0.20818149905410577
2760	0.20777133639043524
2761	0.20736206448427527
2762	0.20695368128087957
2763	0.2065461847305636
2764	0.20613957278869136
2765	0.205733843415661
2766	0.20532899457689152
2767	0.20492502424280892
2768	0.20452193038883262
2769	0.20411971099536175
2770	0.20371836404776172
2771	0.20331788753635058
2772	0.20291827945638544
2773	0.2025195378080493
2774	0.20212166059643724
2775	0.20172464583154337
2776	0.2013284915282472
2777	0.20093319570630064
2778	0.20053875639031424
2779	0.20014517160971623
2780	0.19975243939867798
2781	0.1993605577961781
2782	0.19896952484600866
2783	0.19857933859676233
2784	0.19818999710181917
2785	0.19780149841933384
2786	0.19741384061222278
2787	0.19702702174815137
2788	0.19664103989952086
2789	0.19625589314345587
2790	0.19587157956179144
2791	0.19548809724106045
2792	0.19510544427248094
2793	0.19472361875194336
2794	0.19434261877999798
2795	0.19396244246184235
2796	0.19358308790730883
2797	0.19320455323085184
2798	0.19282683655153568
2799	0.19244993599301874
2800	0.19207384968353408
2801	0.19169857575588506
2802	0.19132411234744998
2803	0.19095045760021598
2804	0.19057760966071816
2805	0.1902055666800102
2806	0.18983432681365192
2807	0.18946388822169744
2808	0.18909424906867778
2809	0.18872540752357478
2810	0.1883573617598235
2811	0.1879901099552544
2812	0.1876236502920441
2813	0.18725798095679044
2814	0.18689310014051075
2815	0.18652900603862885
2816	0.18616569685096243
2817	0.1858031707817133
2818	0.18544142603945593
2819	0.18508046083712587
2820	0.184720273392008
2821	0.18436086192572496
2822	0.18400222466422583
2823	0.1836443598377745
2824	0.18328726568093814
2825	0.18293094043257577
2826	0.18257538233582693
2827	0.18222058963810017
2828	0.18186656059106188
2829	0.1815132934506246
2830	0.1811607864769363
2831	0.18080903793436848
2832	0.1804580460915054
2833	0.18010780922113273
2834	0.17975832560022628
2835	0.17940959350994093
2836	0.17906161123559955
2837	0.17871437706668183
2838	0.17836788929681333
2839	0.17802214622375426
2840	0.1776771461493887
2841	0.1773328873797135
2842	0.1769893682248274
2843	0.17664658699892
2844	0.17630454202026105
2845	0.17596323161118937
2846	0.1756226540981023
2847	0.17528280781144542
2848	0.17494369108574043
2849	0.17459916786767823
2850	0.1742495654766382
2851	0.17390069435756364
2852	0.17355255289302735
2853	0.17320513946944163
2854	0.17285845247704834
2855	0.17251249030990834
2856	0.17216725136589164
2857	0.17182273404666754
2858	0.17147893675769382
2859	0.17113585790820757
2860	0.1707934959112145
2861	0.17045184918347925
2862	0.17011091614551538
2863	0.16977069522157545
2864	0.16943118483964106
2865	0.16909238343141295
2866	0.16875428943230109
2867	0.16841690128141507
2868	0.1680802174215541
2869	0.16774423629919716
2870	0.16740895636449343
2871	0.16707437607125247
2872	0.1667404938769345
2873	0.16640730824264596
2874	0.16607481763317083
2875	0.1657430205169444
2876	0.16541191536603037
2877	0.16508150065611168
2878	0.16475177486648174
2879	0.16442273648003447
2880	0.1640943839832555
2881	0.1637667158662125
2882	0.16343973062254608
2883	0.1631134267494605
2884	0.1627878027477143
2885	0.16246285712161032
2886	0.16213858837898495
2887	0.16181499503120125
2888	0.16149207559313997
2889	0.16116982858319062
2890	0.16084825252324214
2891	0.16052734593867404
2892	0.1602071073583484
2893	0.1598875353146314
2894	0.1595686283433883
2895	0.1592503849839369
2896	0.1589328037790368
2897	0.15861588327488016
2898	0.1582996220210831
2899	0.1579840185706767
2900	0.1576690714800985
2901	0.1573547793091832
2902	0.15704114062115435
2903	0.15672815398261522
2904	0.1564158179635278
2905	0.1561041311371687
2906	0.1557930920801596
2907	0.15548269937247128
2908	0.1551729515974153
2909	0.154863847341635
2910	0.1545553851950974
2911	0.15424756375108445
2912	0.1539403816061845
2913	0.15363383736028388
2914	0.15332792961655858
2915	0.15302265698146553
2916	0.15271801806473456
2917	0.15241401147935962
2918	0.15211063584159068
2919	0.15180788977092524
2920	0.15150577189010017
2921	0.15120428082508316
2922	0.15090341520506476
2923	0.1506031736624498
2924	0.15030355483284938
2925	0.15000455735507243
2926	0.14970617987111784
2927	0.14940842102616597
2928	0.14911127946857067
2929	0.14881475384985104
2930	0.1485188428246834
2931	0.14822354505089316
2932	0.14792885918944684
2933	0.14763478390444382
2934	0.14734131786310714
2935	0.1470484597357538
2936	0.1467562081957905
2937	0.14646456191975035
2938	0.14617351958732167
2939	0.1458830798812854
2940	0.14559324148749864
2941	0.14530400309488714
2942	0.1450153633954376
2943	0.14472732108418954
2944	0.1444398748592279
2945	0.14415302342167527
2946	0.14386676547568392
2947	0.14358109972842636
2948	0.1432960248900858
2949	0.14301153967385188
2950	0.14272764279591366
2951	0.142444332975452
2952	0.14216160893463192
2953	0.1418794693985951
2954	0.14159791309545242
2955	0.14131693875627607
2956	0.14103654511509262
2957	0.14075673090887497
2958	0.14047749487753533
2959	0.14019883576391756
2960	0.13992075231378973
2961	0.13964324327583683
2962	0.1393663074016532
2963	0.1390899434457352
2964	0.1388141501654727
2965	0.13853892632112702
2966	0.13826427067582223
2967	0.1379901819955562
2968	0.13771665904919442
2969	0.13744370060846275
2970	0.13717130544794023
2971	0.13689947234505193
2972	0.13662820008006163
2973	0.13635748743606543
2974	0.13608733319898425
2975	0.13581773615755643
2976	0.13554869510333056
2977	0.13528020883065747
2978	0.13501227613668257
2979	0.13474489582134025
2980	0.13447806668735188
2981	0.13421178754027294
2982	0.13394605718846453
2983	0.13368087444304427
2984	0.13341623811787798
2985	0.1331521470295732
2986	0.13288859999747177
2987	0.13262559584364358
2988	0.13236313339287925
2989	0.13210121147268356
2990	0.13183982891326843
2991	0.13157898454754646
2992	0.13131867721112367
2993	0.13105890574229329
2994	0.13079966898202755
2995	0.13054096577395863
2996	0.1302827949643766
2997	0.13002515540223292
2998	0.1297680459391267
2999	0.12951146542928468
3000	0.12925541272957192