1	3.8887545934504027e9
2	7.834387255516725e8
3	3.526827226729606e8
4	2.0894606640991247e8
5	1.3334102183229256e8
6	9.333427219856773e7
7	6.849613221409832e7
8	5.205087046289828e7
9	4.061316158547979e7
10	3.240476712467795e7
11	2.6326519545264706e7
12	2.169256773761314e7
13	1.812450368179555e7
14	1.5310264408210255e7
15	1.3042384591008065e7
16	1.1232745071222119e7
17	9.73669079136246e6
18	8.487476298653513e6
19	7.4641131731774965e6
20	6.597635167384837e6
21	5.855436740253394e6
22	5.217810069221028e6
23	4.680595924258087e6
24	4.214395834105883e6
25	3.8066336519607618e6
26	3.447379934994729e6
27	3.129975396828274e6
28	2.8566640948810745e6
29	2.6142394743259447e6
30	2.3980809399800566e6
31	2.2043928338211724e6
32	2.030033818668424e6
33	1.8723924698014366e6
34	1.7315515967336702e6
35	1.6062769321607861e6
36	1.4927220608386802e6
37	1.389448912487929e6
38	1.29523020645365e6
39	1.2090142530497026e6
40	1.1298987664151222e6
41	1.057105360429217e6
42	989959.4693207936
43	929393.9958302393
44	873993.6478802254
45	822860.406540537
46	775567.5876840218
47	731739.8754627649
48	691046.8996458629
49	653196.4694962954
50	617929.3887123123
51	585015.1121760117
52	554248.0178376838
53	525444.2215562315
54	498595.7843179543
55	474013.0348915086
56	450999.907887266
57	429428.134971316
58	409182.15322951996
59	390157.56549375626
60	372259.88579548744
61	355403.44148239883
62	339510.4048290861
63	324509.94470141997
64	310337.4840144375
65	296934.04722594883
66	284245.6805609416
67	272222.95821375254
68	260820.67990075084
69	249997.42873119094
70	239900.6410533936
71	230402.5772933985
72	221390.4367344726
73	212832.75063682426
74	204700.49430316337
75	196966.86337242878
76	189607.07355808423
77	182598.1810116221
78	175918.9212652397
79	169549.56288754145
80	163471.7749844094
81	157668.53575539083
82	152124.06106499222
83	146823.66872839106
84	141753.68345716767
85	136901.3559134866
86	132254.78961579836
87	127802.87442076245
88	123535.2251780064
89	119442.12568239702
90	115514.47757362283
91	111797.77569005237
92	108264.41350659063
93	104875.14095350163
94	101622.57004604484
95	98499.76141510157
96	95500.19159066571
97	92617.72744445478
98	89846.6160685192
99	87181.44948971641
100	84617.1358016789
101	82148.87749361145
102	79772.15155852922
103	77482.69121521887
104	75276.46905591227
105	73149.68131492188
106	71098.733192547
107	69120.22529874484
108	67210.9410957664
109	65367.83527900841
110	63588.02296746009
111	61868.769644522676
112	60207.48187536491
113	58601.69864901892
114	57049.08327275678
115	55547.41577606628
116	54094.58598493607
117	52688.5904491511
118	51327.52972109489
119	50009.5980105262
120	48749.78811298984
121	47538.41673636865
122	46365.73650601207
123	45230.20796675188
124	44130.36504654363
125	43064.81101785617
126	42032.214654889605
127	41031.306611421875
128	40060.8760285339
129	39119.76736488092
130	38206.877412805356
131	37321.152508892854
132	36461.585901743274
133	35627.21527015679
134	34817.12040623736
135	34030.42103477964
136	33266.27475701435
137	32523.875099778445
138	31802.449666236535
139	31101.258395609242
140	30419.592142656726
141	29756.7728304648
142	29112.15183350869
143	28485.107407117026
144	27875.043363741475
145	27281.387839140192
146	26703.59211697318
147	26141.12953565177
148	25593.494458728128
149	25060.201292507292
150	24540.783568165123
151	24034.793061221273
152	23541.79894098497
153	23061.386973925346
154	22593.158764068554
155	22136.73104030336
156	21691.734971922284
157	21257.81552949926
158	20834.63086767375
159	20421.851745993292
160	20021.381239557173
161	19634.813386944792
162	19257.797004074375
163	18890.03993656041
164	18531.26058751561
165	18181.187459864916
166	17839.558719517987
167	17506.12177736917
168	17180.632924357833
169	16862.857197158708
170	16552.568514756913
171	16249.548844637142
172	15953.587757888157
173	15664.482122440339
174	15382.035806462362
175	15106.05939414372
176	14836.369914241695
177	14572.79058794722
178	14315.150585681386
179	14063.284793172845
180	13817.033590715237
181	13576.24264426377
182	13340.762695960333
183	13110.449367470988
184	12885.162972362028
185	12664.768334900275
186	12449.13462072726
187	12238.135170639403
188	12031.647344250976
189	11829.552370490423
190	11631.735201469019
191	11438.084375876842
192	11248.49188465263
193	11062.853044665997
194	10881.066378338905
195	10703.033496859971
196	10528.658989248886
197	10357.850315452957
198	10190.517702562938
199	10026.574044692396
200	9865.93480689388
201	9708.517931846147
202	9554.243762665135
203	9403.034985907832
204	9254.816730106144
205	9109.516407520268
206	8967.063543249693
207	8827.389703317662
208	8690.428426040322
209	8556.115154902263
210	8424.387174471136
211	8295.183547192806
212	8168.445054843582
213	8044.114142641536
214	7922.134864815089
215	7802.4528317807035
216	7685.015159523486
217	7570.377532697682
218	7458.599128900488
219	7348.917667668093
220	7241.284892526979
221	7135.653869646384
222	7031.97894451013
223	6930.215701388703
224	6830.320924410686
225	6732.252558507774
226	6635.969673253664
227	6541.432427980465
228	6448.602036949842
229	6357.440736481393
230	6267.911753565567
231	6179.979274391092
232	6093.608415080496
233	6008.765193595943
234	5925.41650194995
235	5843.530079765692
236	5763.074488731997
237	5684.019087913644
238	5606.334009509284
239	5529.99013528939
240	5454.959073888374
241	5381.213138761919
242	5308.72532651808
243	5237.469300696059
244	5167.419373913779
245	5098.550527635915
246	5030.838411249001
247	4964.259276942939
248	4898.789958792096
249	4834.407856472284
250	4771.090919304324
251	4708.817630480687
252	4647.566991978325
253	4587.31850984766
254	4528.052179512132
255	4469.748472512965
256	4412.388323508248
257	4355.953117557871
258	4300.424677779886
259	4245.785253197064
260	4192.017507227021
261	4139.104506901309
262	4087.0297120721284
263	4035.77696417285
264	3985.3304758647114
265	3935.6748211007057
266	3886.7949254258524
267	3838.676056286905
268	3791.303814022228
269	3744.664123264112
270	3698.743224232211
271	3653.5276640977586
272	3609.0042892700912
273	3565.1602376182127
274	3521.9829306970187
275	3479.46006623924
276	3437.5796111643817
277	3396.329794627639
278	3355.6991009762432
279	3315.6762633590274
280	3276.250257535774
281	3237.410295592567
282	3199.145819941267
283	3161.446497567342
284	3124.30221438454
285	3087.7030698021695
286	3051.639371330108
287	3016.101629270718
288	2981.0805516019623
289	2946.567038985743
290	2912.5521799242
291	2879.0272458045215
292	2845.98368719489
293	2813.4131306836343
294	2781.3073744046333
295	2749.6583986426585
296	2718.4583600857263
297	2687.699576292316
298	2657.3817761767245
299	2627.682414158971
300	2598.4008359075324
301	2569.5298835263175
302	2541.062544922048
303	2512.9919503540127
304	2485.3113690890127
305	2458.0142059661493
306	2431.0939981748606
307	2404.5444122967715
308	2378.3592413360984
309	2352.532401803938
310	2327.0579308944543
311	2301.9299836752202
312	2277.142830357231
313	2252.690853709465
314	2228.568546627244
315	2204.770509723041
316	2181.291448666395
317	2158.126171761324
318	2135.2695876403436
319	2112.7167030180667
320	2090.4626204837555
321	2068.5025362640768
322	2046.8317381236322
323	2025.4456033993117
324	2004.3395970469815
325	1983.5092696391407
326	1962.9502553656437
327	1942.658270313006
328	1922.6291106966742
329	1902.8586510826933
330	1883.3428426151222
331	1864.0777113344202
332	1845.0593565914298
333	1826.2839494661675
334	1807.747731178379
335	1789.4470114857877
336	1771.3781673542464
337	1753.5376415002006
338	1735.9219409619664
339	1718.5276357265163
340	1701.3513574161525
341	1684.389797972224
342	1667.639708406673
343	1651.0978975703824
344	1634.7612309270614
345	1618.6266293346969
346	1602.6910678695556
347	1586.951574678111
348	1571.4052298472373
349	1556.0491643180656
350	1540.8805587248607
351	1525.8966424430823
352	1511.0946931079623
353	1496.4720355213221
354	1482.026040640439
355	1467.7541288371046
356	1453.6537685028125
357	1439.722471873749
358	1425.9577940321626
359	1412.3573320192988
360	1398.918724039846
361	1385.6396486538
362	1372.5178239793765
363	1359.5510068924796
364	1346.7369922460998
365	1334.0736121367888
366	1321.5587351719312
367	1309.1902657054395
368	1296.9661431128059
369	1284.8843411652292
370	1272.942867360816
371	1261.1397622888785
372	1249.4730989891623
373	1237.9409823400476
374	1226.5415484392222
375	1215.272963990611
376	1204.1334257378398
377	1193.1211598931181
378	1182.2344216331667
379	1171.4714945733026
380	1160.8306901611627
381	1150.310347132474
382	1139.9088310045317
383	1129.6245335724286
384	1119.455872421421
385	1109.4012904434035
386	1099.459255343734
387	1089.6282591616477
388	1079.9068178400369
389	1070.2934707984507
390	1060.786780506054
391	1051.3853320415355
392	1042.0877326379943
393	1032.8926112989525
394	1023.7986184275501
395	1014.8044254311781
396	1005.908724332962
397	997.1102273827883
398	988.4076666779582
399	979.7997938190747
400	971.2853795588481
401	962.8632134612452
402	954.5321035522263
403	946.2908759510914
404	938.1383745930569
405	930.0734609241629
406	922.0950135646308
407	914.2019280143548
408	906.3931163454909
409	898.6675069201647
410	891.0240441009028
411	883.4616879679152
412	875.9794140561308
413	868.5762130838741
414	861.2510906850619
415	854.0030671406734
416	846.8311771198983
417	839.7404669399446
418	832.7253009706606
419	825.7829400322373
420	818.9124709405735
421	812.1129938460085
422	805.3836219917638
423	798.7234815771136
424	792.1317116800442
425	785.6074639121427
426	779.1499021536553
427	772.7582030972904
428	766.4315566114657
429	760.1691644750424
430	753.970240059659
431	747.8340081305797
432	741.7597046440463
433	735.7465765746094
434	729.7938817344251
435	723.9008885941248
436	718.0668761051727
437	712.2911335199365
438	706.5729602166722
439	700.911665537626
440	695.306568625666
441	689.7569982608991
442	684.262292681652
443	678.8217994321761
444	673.4348752270356
445	668.1008857968842
446	662.8192057494031
447	657.589218424892
448	652.4103157552933
449	647.281898129878
450	642.2033742559648
451	637.1741610208483
452	632.1936833631651
453	627.2613741490749
454	622.3766740426752
455	617.5390314022727
456	612.7479021660957
457	608.0027497094912
458	603.3030447211494
459	598.6482650863002
460	594.0378957764108
461	589.4714287364448
462	584.9483627763136
463	580.4682034641207
464	576.0304630175099
465	571.6346601914013
466	567.2803201758119
467	562.96697450223
468	558.6941609485458
469	554.461423446468
470	550.2683119828041
471	546.1143825017359
472	541.9991967998981
473	537.9223224482482
474	533.8833327101545
475	529.8818064530333
476	525.9173280612636
477	521.9894873506499
478	518.0978794812046
479	514.2421048727342
480	510.4217691298646
481	506.6364829626922
482	502.885862111102
483	499.16952727005054
484	495.48710401067365
485	491.83822269322235
486	488.2225184107051
487	484.63963092450575
488	481.08920459007044
489	477.5708882822408
490	474.0843353348173
491	470.6292034693346
492	467.2051547327334
493	463.8118554364682
494	460.4489760868856
495	457.1161913290997
496	453.8131798879528
497	450.53962450761804
498	447.2952118926446
499	444.07963264769245
500	440.89258121932045
501	437.73375583912696
502	434.60285846782045
503	431.4995947399389
504	428.4236739080389
505	425.37480879132943
506	422.35271572325706
507	419.3571144889569
508	416.38772827657755
509	413.44428364682966
510	410.5265105367559
511	407.6341421921528
512	404.76691508768204
513	401.92456887643533
514	399.1068464968242
515	396.31349427984867
516	393.5442616695649
517	390.7989011479768
518	388.0771681903505
519	385.3788212232924
520	382.70362157870414
521	380.05133345888356
522	377.42172389772537
523	374.81456272119993
524	372.22962250925593
525	369.6666785572647
526	367.12550883686276
527	364.60589395706893
528	362.10761713009794
529	359.6304641359201
530	357.17422328721545
531	354.7386853940716
532	352.32364372356534
533	349.9288939654906
534	347.55423420664664
535	345.1994648960283
536	342.86438881356435
537	340.54881104037827
538	338.2525389272983
539	335.97538206402555
540	333.71715225058966
541	331.4776634674381
542	329.2567318452085
543	327.0541756347801
544	324.8698151799839
545	322.7034728916602
546	320.55497321873094
547	318.424142621663
548	316.31080955509725
549	314.2148044390425
550	312.1359596271334
551	310.07410938009826
552	308.02908983917416
553	306.00073900282183
554	303.9888967025829
555	301.9934045786802
556	300.0141060565394
557	298.0508463240744
558	296.10347230800164
559	294.1718326505273
560	292.25577768391514
561	290.35515940995913
562	288.4698314798655
563	286.599649173613
564	284.7444693804228
565	282.90415057799487
566	281.0785528109787
567	279.26753767010274
568	277.47096826786424
569	275.68870922156685
570	273.92062663750755
571	272.1665880917695
572	270.42646261121445
573	268.70012065468177
574	266.9874340944281
575	265.288276197864
576	263.6025216075771
577	261.9300463255051
578	260.27072769579206
579	258.62444438785303
580	256.9910763800845
581	255.37050494394006
582	253.76261262764916
583	252.16728323772995
584	250.58440181972662
585	249.01385464881142
586	247.45552921569063
587	245.90931421109622
588	244.37509950815885
589	242.85277614832754
590	241.34223632865252
591	239.840853994637
592	238.34581992505068
593	236.86214560177768
594	235.389728124396
595	233.92846568143702
596	232.4782575394176
597	231.03900402963956
598	229.61060653491228
599	228.19296747671268
600	226.78599030209128
601	225.38957947062377
602	224.00364044182288
603	222.6280796627307
604	221.26280455568144
605	219.90772350623072
606	218.56274585101423
607	217.22778186555146
608	215.90274275349643
609	214.58754063532402
610	213.28208853442177
611	211.98630036420278
612	210.70009092062134
613	209.42337587648933
614	208.1560717882607
615	206.8980960768629
616	205.64936700784818
617	204.40980367884092
618	203.1793260111004
619	201.95785476680703
620	200.7453115512349
621	199.54161877366823
622	198.3466996355621
623	197.16047812082488
624	195.98287898627783
625	194.81382775267153
626	193.65325069385827
627	192.5010748301026
628	191.35722791986575
629	190.2216384508292
630	189.09423563173024
631	187.97494938398688
632	186.86371033331423
633	185.76044980130126
634	184.66509979638988
635	183.5775930065759
636	182.49786279176473
637	181.42584317617732
638	180.3614688407337
639	179.30467511540309
640	178.25539797105463
641	177.21357400963439
642	176.17914045930934
643	175.15203516827194
644	174.13219659682733
645	173.1195638105255
646	172.11407647403956
647	171.11567484430333
648	170.1242997637002
649	169.1398926534021
650	168.16239550737677
651	167.1917508858977
652	166.2279019088409
653	165.27079224928156
654	164.32036612685533
655	163.37656830237503
656	162.4393440721867
657	161.50863926166843
658	160.5844002192694
659	159.66657381151728
660	158.75510742050403
661	157.84994893575444
662	156.951046747517
663	156.05834974108984
664	155.17180729081565
665	154.2913692547352
666	153.41698596972228
667	152.5486082461626
668	151.68618736266293
669	150.82967506086985
670	149.97902354066332
671	149.13418545503083
672	148.29511390500068
673	147.46176243462833
674	146.63408502516944
675	145.81203609054077
676	144.99557047317964
677	144.1846434396255
678	143.37921067603244
679	142.57922828413632
680	141.78465277675363
681	140.99544107299522
682	140.2115504938093
683	139.43293875729844
684	138.65956397289904
685	137.8913846385648
686	137.12835963742688
687	136.3704482336117
688	135.61761006810397
689	134.86980515465928
690	134.1269938757358
691	133.38913697846846
692	132.65619557080933
693	131.92813111718098
694	131.20490543446195
695	130.48648068898177
696	129.77281939232603
697	129.0638843978866
698	128.35963889731647
699	127.66004641713286
700	126.9650708152594
701	126.27467627748453
702	125.58882731314637
703	124.9074887504801
704	124.2306257353657
705	123.55820372845392
706	122.89018850182951
707	122.2265461356248
708	121.5672430138317
709	120.91224582152466
710	120.26152154235861
711	119.61503745509363
712	118.97276113007185
713	118.33466042684505
714	117.70070349145935
715	117.07085875309102
716	116.4450949203632
717	115.82338097943993
718	115.20568619136313
719	114.5919800891885
720	113.98223247515624
721	113.37641341795916
722	112.77449324997488
723	112.17644256443094
724	111.58223221269486
725	110.99183330160147
726	110.40521719081097
727	109.82235549019698
728	109.24322005726445
729	108.66778299459381
730	108.09601664716162
731	107.52789359981082
732	106.96338667505428
733	106.40246893065961
734	105.84511365691036
735	105.29129437312243
736	104.74098482569684
737	104.19415898678731
738	103.65079105289115
739	103.11085544782861
740	102.57432682001067
741	102.04118003573264
742	101.51139017666827
743	100.9849325368535
744	100.46178262116817
745	99.94191614286328
746	99.42530902024687
747	98.9119373770194
748	98.40177754067867
749	97.89480604051052
750	97.3909996055208
751	96.89033516228726
752	96.39278983328416
753	95.89834093446856
754	95.40696597322793
755	94.91864264724846
756	94.43334884267907
757	93.95106263216815
758	93.4717622731349
759	92.99542620602314
760	92.5220330525053
761	92.05156161370537
762	91.58399086842763
763	91.11929997114969
764	90.65746825037375
765	90.19847520717583
766	89.74230051348225
767	89.28892401052569
768	88.83832570721911
769	88.39048577852691
770	87.945384563851
771	87.50300256498699
772	87.06332044409956
773	86.62631902310211
774	86.19197928224813
775	85.76028235846918
776	85.33120954365025
777	84.90474228350735
778	84.48086217618413
779	84.05955097078918
780	83.64079056594903
781	83.22456300837653
782	82.81085049154201
783	82.39963535446621
784	81.99090008022269
785	81.58462729453798
786	81.18079976443383
787	80.77940039683983
788	80.3804122372214
789	79.98381846873639
790	79.58960241077477
791	79.19774751759265
792	78.80823737705866
793	78.42105570942755
794	78.03618636692019
795	77.6536133328799
796	77.27332071962726
797	76.89529276718123
798	76.51951384206006
799	76.14596843602294
800	75.77464116475605
801	75.40551676692321
802	75.03858010309958
803	74.67381615463543
804	74.31121002253167
805	73.95074692632666
806	73.59241220303244
807	73.23619130613311
808	72.88206980446213
809	72.5300333811497
810	72.18006783256823
811	71.83215906715535
812	71.48629310408273
813	71.14245607262235
814	70.80063421114585
815	70.46081386624058
816	70.12298149174524
817	69.78712364785936
818	69.4532270003517
819	69.12127831947429
820	68.79126447897652
821	68.46317245516089
822	68.13698932594187
823	67.81270226957592
824	67.49029856360984
825	67.16976558456813
826	66.85109080711734
827	66.53426180317753
828	66.21926624104223
829	65.90609188450762
830	65.59472659200983
831	65.28515831575668
832	64.9773751008742
833	64.67136508460165
834	64.36711649541924
835	64.06461765200096
836	63.763856962633575
837	63.46482292451305
838	63.16750412275324
839	62.87188922971297
840	62.577967004268
841	62.28572629104908
842	61.99515601976458
843	61.7062452044472
844	61.418982942704076
845	61.13335841486842
846	60.84936088265953
847	60.566979688942226
848	60.28620425740461
849	60.00702409185002
850	59.729428775489936
851	59.453407970243084
852	59.17895141585852
853	58.90339762186982
854	58.62875432136689
855	58.35563020169428
856	58.08401541395196
857	57.81390018328862
858	57.54527480841514
859	57.27812966110271
860	57.01245518555268
861	56.74824189762802
862	56.485480383964706
863	56.224161301709394
864	55.964275377985025
865	55.7058134092798
866	55.44876626084194
867	55.193124866080495
868	54.93888022598816
869	54.686023408565255
870	54.4345455482027
871	54.18443784510098
872	53.935691564698956
873	53.68829803710807
874	53.44224865655202
875	53.197534880811766
876	52.95414823067574
877	52.71208028939539
878	52.47132270214493
879	52.23186717543248
880	51.99370547655243
881	51.75682943315607
882	51.521230932741325
883	51.28690192213846
884	51.05383440685892
885	50.82202045028444
886	50.59145217330774
887	50.362121754059466
888	50.134021427630294
889	49.907143485880226
890	49.68148027889627
891	49.45702421355414
892	49.23376775193883
893	49.01170341086557
894	48.79082376124327
895	48.571121427466814
896	48.35258908726855
897	48.1352194709733
898	47.919005359884565
899	47.70393958691584
900	47.490015036571016
901	47.27722464449379
902	47.06556139705992
903	46.85501833093644
904	46.6455885325833
905	46.437265137931675
906	46.230041331979734
907	46.02391034814292
908	45.818865467970014
909	45.614900020923635
910	45.41200738398529
911	45.210180981235965
912	45.009414283460735
913	44.8097008078036
914	44.611034117387746
915	44.41340782093571
916	44.21681557239327
917	44.021251070556474
918	43.82670805868609
919	43.633180324041135
920	43.44066169759852
921	43.249146053743395
922	43.05862730988017
923	42.86909942612115
924	42.680556404952185
925	42.492992290886
926	42.30640117011882
927	42.12077717018991
928	41.936114459602024
929	41.75240724721501
930	41.56964978211811
931	41.38783635345911
932	41.206961290119864
933	41.02701896037187
934	40.84800377144706
935	40.66991016932387
936	40.492732638471104
937	40.31646570153706
938	40.14110391904133
939	39.9666418890692
940	39.79307424696898
941	39.62039566505352
942	39.44860085235371
943	39.277684554350344
944	39.10764155264336
945	38.93846666465982
946	38.77015474336682
947	38.60270067698678
948	38.43609938868977
949	38.2703458363343
950	38.10543501233902
951	37.941361943327614
952	37.77812168983359
953	37.61570934603011
954	37.45412003947321
955	37.2933489308406
956	37.13339121390587
957	36.97424211546901
958	36.815896894771264
959	36.65835084320385
960	36.50159928405422
961	36.3456375722541
962	36.19046109411328
963	36.03606526701446
964	35.882445539216725
965	35.729597389660334
966	35.57751632772661
967	35.42619789299927
968	35.27563765502768
969	35.12583121309232
970	34.97677419597296
971	34.8284622617386
972	34.68089109752583
973	34.534056419304996
974	34.38795397166281
975	34.24257952757974
976	34.097928888206646
977	33.953997882548336
978	33.81078236723445
979	33.668278226427674
980	33.526481371578676
981	33.38538774125998
982	33.244993300966556
983	33.10529404291271
984	32.96628598586557
985	32.82796517498618
986	32.69032768158025
987	32.553369602890676
988	32.41708706189842
989	32.281476207124996
990	32.14653321243495
991	32.01225427673495
992	31.878635623716093
993	31.745673501857873
994	31.613364184263524
995	31.481703968472424
996	31.3506891762739
997	31.2203161535227
998	31.09058126995593
999	30.961480919011606
1000	30.833011517648085
1001	30.705169506157233
1002	30.57795134799123
1003	30.45135352959582
1004	30.325372560233937
1005	30.200004971749916
1006	30.075247318406003
1007	29.951096176788685
1008	29.827548145636086
1009	29.704599845598093
1010	29.58224791911041
1011	29.46048903026937
1012	29.33931986463994
1013	29.218737129130375
1014	29.09873755184318
1015	28.979317881916305
1016	28.86047488936568
1017	28.74220536492851
1018	28.62450611980272
1019	28.507373985356786
1020	28.390805813213625
1021	28.27479847515741
1022	28.159348862981968
1023	28.04445388834203
1024	27.930110482605887
1025	27.816315596708773
1026	27.703066200941933
1027	27.59035928474403
1028	27.478191856682614
1029	27.366560944329724
1030	27.255463594120744
1031	27.144896871173678
1032	27.0348578591171
1033	26.92534366000656
1034	26.8163513942286
1035	26.707878200369546
1036	26.59992123508138
1037	26.49247767288093
1038	26.385544705953407
1039	26.279119544153463
1040	26.17319941489375
1041	26.06778156301663
1042	25.962863250666942
1043	25.858441757165775
1044	25.754514378885283
1045	25.65107842912679
1046	25.54813123800419
1047	25.445670152313237
1048	25.34369253540752
1049	25.242195767078204
1050	25.141177243434704
1051	25.04063437678634
1052	24.940564595524886
1053	24.840965344008104
1054	24.74183408244417
1055	24.64316828677703
1056	24.54496544857266
1057	24.447223074906244
1058	24.349938688244887
1059	24.253109826308656
1060	24.15673404198661
1061	24.060808903243075
1062	23.96533199300923
1063	23.870300909075578
1064	23.775713263979878
1065	23.681566684799275
1066	23.587858813044242
1067	23.494587304570192
1068	23.40174982954833
1069	23.309344072412056
1070	23.217367731775855
1071	23.12581852046645
1072	23.03469416571183
1073	22.943992408719275
1074	22.853711004500465
1075	22.763847721773754
1076	22.674400342856845
1077	22.585366663470314
1078	22.496744492689594
1079	22.408531652918676
1080	22.320725979805527
1081	22.233325322221113
1082	22.146327542127306
1083	22.059730514438566
1084	21.973532126927942
1085	21.887730280130434
1086	21.802322887262015
1087	21.71730787413194
1088	21.63268317902699
1089	21.548446752628987
1090	21.464596557957126
1091	21.3811305702792
1092	21.29804677695158
1093	21.215343177345463
1094	21.13301778283878
1095	21.05106861673569
1096	20.969493714183596
1097	20.88829112208306
1098	20.807458899003446
1099	20.726995115114985
1100	20.646897852109607
1101	20.567165203121164
1102	20.48779527264624
1103	20.408786176465608
1104	20.330136041566245
1105	20.251843006063844
1106	20.173905219107525
1107	20.09632084078611
1108	20.01908804209038
1109	19.942205004841107
1110	19.8656699216008
1111	19.789480995611594
1112	19.713636440730365
1113	19.63813448135596
1114	19.562973352356916
1115	19.488151298999785
1116	19.413666576877898
1117	19.33951745184061
1118	19.26570219987863
1119	19.19221910699562
1120	19.119066469238664
1121	19.04624259264662
1122	18.973745793182115
1123	18.901574396663847
1124	18.829726738677284
1125	18.758201164487232
1126	18.686996029017408
1127	18.61610969679121
1128	18.5455405418667
1129	18.475286947772073
1130	18.405347307441602
1131	18.33572002315202
1132	18.266403506459447
1133	18.19739617813673
1134	18.12869646811974
1135	18.060302815464468
1136	17.992213668271965
1137	17.92442748362412
1138	17.856942727523325
1139	17.789757874832503
1140	17.722871409215667
1141	17.656281823078192
1142	17.589987617494845
1143	17.523987302181524
1144	17.458279395468608
1145	17.392862424212183
1146	17.32773492373317
1147	17.26289543775744
1148	17.19834251836426
1149	17.134074725932045
1150	17.070090629083072
1151	17.006388804652854
1152	16.942967837694027
1153	16.87982632136686
1154	16.816962856870788
1155	16.75437605339129
1156	16.692064528047165
1157	16.630026905838115
1158	16.568261819591385
1159	16.506767909897132
1160	16.4455438250432
1161	16.38458822099281
1162	16.323899761340613
1163	16.263477117262553
1164	16.203318967466156
1165	16.143423998141103
1166	16.083790902910216
1167	16.024418382780755
1168	15.965305146096107
1169	15.9064499084906
1170	15.847851392846579
1171	15.789508329243798
1172	15.731419454915606
1173	15.673583514203038
1174	15.615999258508538
1175	15.558665446249979
1176	15.501580842805607
1177	15.444744220426786
1178	15.388154358233857
1179	15.331810042186465
1180	15.275710065023194
1181	15.219853226234921
1182	15.16423833202562
1183	15.108864195268692
1184	15.053729635465992
1185	14.998833478718277
1186	14.944174557696275
1187	14.889751711581937
1188	14.835563786024542
1189	14.781609633099148
1190	14.727888111265282
1191	14.674398085325965
1192	14.621138426386995
1193	14.568108011803558
1194	14.51530572508508
1195	14.462730455906582
1196	14.410381100098387
1197	14.358256559607117
1198	14.3063557424567
1199	14.25467756270962
1200	14.203220940428489
1201	14.15198480163781
1202	14.100968078286092
1203	14.050169708208172
1204	13.999588635087806
1205	13.949223808418825
1206	13.899074183466352
1207	13.849138721234304
1208	13.79941638842969
1209	13.749906157426363
1210	13.700607006214936
1211	13.651517918355928
1212	13.6026378829722
1213	13.553965894717294
1214	13.50550095373772
1215	13.45724206561264
1216	13.409188241333274
1217	13.361338497285628
1218	13.313691855207463
1219	13.266247342154562
1220	13.21900399047825
1221	13.171960837792732
1222	13.125116926942113
1223	13.078471305967625
1224	13.032023028075066
1225	12.985771151602274
1226	12.939714739965076
1227	12.893852861600209
1228	12.848184589978525
1229	12.802709003588443
1230	12.757425185903887
1231	12.712332225353185
1232	12.66742921528831
1233	12.622715253954318
1234	12.578189444459039
1235	12.533850894739398
1236	12.489698717494132
1237	12.445732030170102
1238	12.401949954959907
1239	12.358351618773025
1240	12.314936153206713
1241	12.271702694514003
1242	12.228650383554474
1243	12.185778365772233
1244	12.143085791181058
1245	12.100571814344967
1246	12.05823559435059
1247	12.016076294779406
1248	11.974093083679243
1249	11.932285133504807
1250	11.8906516210845
1251	11.849148991222508
1252	11.8070736461143
1253	11.765169163732676
1254	11.723434750751041
1255	11.681869618064692
1256	11.640472980764939
1257	11.599244058113381
1258	11.558182073516447
1259	11.517286254501592
1260	11.476555832691927
1261	11.435990043779325
1262	11.395588127499511
1263	11.355349327607337
1264	11.315272891852278
1265	11.275358071954063
1266	11.23560412357847
1267	11.196010306313298
1268	11.156575883644479
1269	11.117300122932358
1270	11.078182295388137
1271	11.039221676050465
1272	11.00041754376219
1273	10.961769181147265
1274	10.923275874586974
1275	10.88493691418785
1276	10.846751593763733
1277	10.808719210820946
1278	10.770839066536118
1279	10.733110465733985
1280	10.695532716865362
1281	10.658105131985232
1282	10.620827026717606
1283	10.583697720201084
1284	10.54671653509734
1285	10.509882797555594
1286	10.473195837219938
1287	10.436654987217388
1288	10.40025958414401
1289	10.364008968044082
1290	10.327902482361186
1291	10.291939473897616
1292	10.256119292835749
1293	10.220441292722798
1294	10.184904830450742
1295	10.149509266236374
1296	10.114253963598774
1297	10.079138289321108
1298	10.044161613442622
1299	10.009323309249313
1300	9.974622753254685
1301	9.940059325180629
1302	9.905632407938368
1303	9.871341387609567
1304	9.83718565342755
1305	9.8031645977585
1306	9.769277616080476
1307	9.735524106965647
1308	9.701903472064506
1309	9.668415116087683
1310	9.6350584467801
1311	9.60183287489938
1312	9.568737814210335
1313	9.535772681468405
1314	9.502936896400845
1315	9.47022988166438
1316	9.437651062830657
1317	9.40519986839447
1318	9.372875729757688
1319	9.34067808121222
1320	9.308606359923074
1321	9.276660005909317
1322	9.24483846202579
1323	9.213141173950776
1324	9.181567590170001
1325	9.150117161960269
1326	9.118789343373141
1327	9.08758359121879
1328	9.0564993650499
1329	9.025536127145697
1330	8.994693342496074
1331	8.96397047878573
1332	8.933367006372078
1333	8.902882398265598
1334	8.872516130125515
1335	8.84226768024562
1336	8.812136529536572
1337	8.782122161507536
1338	8.752224062256952
1339	8.722441720458596
1340	8.69277462734667
1341	8.663222276701008
1342	8.633784164832377
1343	8.604459790567859
1344	8.575248655236328
1345	8.546150262654027
1346	8.517164119105875
1347	8.488289733301238
1348	8.459526616380101
1349	8.430874281916461
1350	8.402332245904427
1351	8.373900026744364
1352	8.345577145229067
1353	8.31736312452904
1354	8.28925749016578
1355	8.261259770003335
1356	8.233369494246002
1357	8.205586195425237
1358	8.17790940838635
1359	8.15033867027532
1360	8.12287352052565
1361	8.095513500845335
1362	8.068258155203907
1363	8.041107029819537
1364	8.014059673146257
1365	7.9871156358613815
1366	7.960274470858036
1367	7.933535733234839
1368	7.906898980278822
1369	7.880363771452743
1370	7.853929668382734
1371	7.827596234846066
1372	7.801363036758948
1373	7.775229642164431
1374	7.749195621220341
1375	7.7232605461845365
1376	7.697423991403954
1377	7.671685533320858
1378	7.646044750452978
1379	7.620501223377085
1380	7.595054534717111
1381	7.569704269131159
1382	7.544450013301406
1383	7.519291355923502
1384	7.494227887695269
1385	7.46925920130545
1386	7.444384891420771
1387	7.419604554667041
1388	7.3949177896239915
1389	7.3703241968173385
1390	7.34582337870789
1391	7.321414939680732
1392	7.297098486034488
1393	7.272873625970615
1394	7.2487399695827675
1395	7.2246971288451105
1396	7.200744717596054
1397	7.176882351525297
1398	7.153109648173757
1399	7.129426226924486
1400	7.105831708992444
1401	7.082325717414318
1402	7.058907877038414
1403	7.035577814514613
1404	7.012335158284372
1405	6.989179538570804
1406	6.96611058736881
1407	6.9431279384352775
1408	6.920231227280008
1409	6.89742009115688
1410	6.8746941690535195
1411	6.8520531016828725
1412	6.829496531473954
1413	6.807024102562403
1414	6.784635460781073
1415	6.762330253650685
1416	6.740108130369738
1417	6.717968741792505
1418	6.695911740423634
1419	6.673936780421063
1420	6.652043517584587
1421	6.6302316093413545
1422	6.608500714744039
1423	6.5868504944634445
1424	6.565280610779074
1425	6.543790727570951
1426	6.522380510311186
1427	6.5010496260572745
1428	6.479797743446258
1429	6.458624532683119
1430	6.437529665531778
1431	6.416512815306623
1432	6.3955736568640855
1433	6.374711866594276
1434	6.353927122412658
1435	6.333219103751777
1436	6.312587491553009
1437	6.292031968250378
1438	6.271552217747688
1439	6.251147925430783
1440	6.230818778165518
1441	6.210564464289779
1442	6.190384673605567
1443	6.170279097371099
1444	6.150247428292971
1445	6.130289360518366
1446	6.110404589627298
1447	6.0905928126249185
1448	6.070853727933847
1449	6.051187035386566
1450	6.031592436217846
1451	6.012069633056848
1452	5.992618329918572
1453	5.973238232197775
1454	5.953929046662007
1455	5.9346904814442745
1456	5.9155222460357155
1457	5.896424051275568
1458	5.877395609337736
1459	5.858436633731914
1460	5.839546839298594
1461	5.8207259422019595
1462	5.801973659922282
1463	5.783289711240532
1464	5.7646738162335955
1465	5.746125696274634
1466	5.72764507402602
1467	5.709231673428675
1468	5.690885219697121
1469	5.6726054393154985
1470	5.654392060030888
1471	5.636244810846602
1472	5.618163422015534
1473	5.60014762503355
1474	5.5821971526329
1475	5.564311738775678
1476	5.546491118648021
1477	5.528735028656242
1478	5.511043206415818
1479	5.4934153907477965
1480	5.475851321674049
1481	5.458350740410452
1482	5.440913389360579
1483	5.4235390121094715
1484	5.406227353417424
1485	5.388978159213819
1486	5.371791176590996
1487	5.354666153798118
1488	5.337602840231145
1489	5.320600986422837
1490	5.303660344043998
1491	5.286780665898503
1492	5.269961705917381
1493	5.2532032191529225
1494	5.2365049617728285
1495	5.219866691051119
1496	5.203288165357502
1497	5.186769144156478
1498	5.170309388004168
1499	5.153908658544742
1500	5.137566718504801
1501	5.121283331687761
1502	5.105058262968252
1503	5.088891278286465
1504	5.072782144634035
1505	5.056730630042095
1506	5.0407365035904865
1507	5.024799535404008
1508	5.008919496647024
1509	4.993096159518076
1510	4.977329297244555
1511	4.961618684077386
1512	4.9459640952857375
1513	4.930365307151778
1514	4.914822096965449
1515	4.899334243019273
1516	4.883901524603409
1517	4.868523722000621
1518	4.853200616480807
1519	4.837931990295882
1520	4.822717626674737
1521	4.807557309818209
1522	4.792450824894098
1523	4.77739795803219
1524	4.762398496319329
1525	4.747452227794507
1526	4.732558941443974
1527	4.717718427196394
1528	4.7029304759180075
1529	4.688194879407832
1530	4.673511430392894
1531	4.658879922523474
1532	4.644300150368387
1533	4.62977190941029
1534	4.615294996040996
1535	4.60086920755494
1536	4.586494342142879
1537	4.572170198891067
1538	4.557896577777182
1539	4.5436732796658035
1540	4.529500106306948
1541	4.51537686033501
1542	4.501303345258867
1543	4.487279365456644
1544	4.47330472616671
1545	4.459379233473703
1546	4.445502694316022
1547	4.431674916479448
1548	4.41789570859478
1549	4.404164880137181
1550	4.390482241422203
1551	4.376847603604049
1552	4.363260778671285
1553	4.349721579441492
1554	4.336229819556895
1555	4.322785313480192
1556	4.309387876490654
1557	4.296037324680052
1558	4.282733474948557
1559	4.2694761450006995
1560	4.2562651533413165
1561	4.2431003192720755
1562	4.2299814628897
1563	4.2169084050800185
1564	4.203880967513058
1565	4.190898972639127
1566	4.177962243684908
1567	4.165070604649568
1568	4.152223880300906
1569	4.1394218961715055
1570	4.126664478554914
1571	4.113951454501845
1572	4.101282651816259
1573	4.08865789905063
1574	4.076077025502923
1575	4.063539861213472
1576	4.051046236961283
1577	4.0385959842599215
1578	4.026188935349818
1579	4.0138249231968315
1580	4.001503781491438
1581	3.98922534464517
1582	3.9769894477870404
1583	3.9647959267577386
1584	3.952644618096472
1585	3.9405353590460424
1586	3.9284679875535375
1587	3.9164423422668486
1588	3.9044582625312105
1589	3.892515588385756
1590	3.8806141605600732
1591	3.868753820470003
1592	3.8569344102140257
1593	3.845155772571068
1594	3.8334177509972425
1595	3.8217201896225124
1596	3.8100629332473765
1597	3.798445827339565
1598	3.786868718030764
1599	3.775331452113346
1600	3.763833877037125
1601	3.752375840906127
1602	3.740957192475379
1603	3.7295777811477056
1604	3.718237456969018
1605	3.706936070622946
1606	3.69567347343126
1607	3.6844495173513883
1608	3.6732640549732993
1609	3.6621169395155038
1610	3.6510080248208565
1611	3.6399371653555694
1612	3.6289042162065024
1613	3.6179090330781363
1614	3.606951472289561
1615	3.5960313907714756
1616	3.585148646063214
1617	3.5743030963097744
1618	3.5634946002588723
1619	3.552723017258006
1620	3.5419882072515403
1621	3.5312900307768675
1622	3.520628348951875
1623	3.510003023476532
1624	3.4994139166370117
1625	3.4888608913029615
1626	3.478343810924681
1627	3.467862539530307
1628	3.4574169417230163
1629	3.4470068826782465
1630	3.4366322281392265
1631	3.4262928444101517
1632	3.4159885983585307
1633	3.4057193574138442
1634	3.395484989564834
1635	3.3852853633568087
1636	3.3751203478889655
1637	3.3649898128117166
1638	3.354893628324043
1639	3.344831665170852
1640	3.3348037946403495
1641	3.3248098885614326
1642	3.314849819301086
1643	3.3049234597618042
1644	3.295030683379052
1645	3.2851713641202362
1646	3.2753453764830276
1647	3.2655525954912137
1648	3.255792896692056
1649	3.2460661561537805
1650	3.236372250463088
1651	3.2267110567226753
1652	3.217082452548766
1653	3.207486316068658
1654	3.1979225259182837
1655	3.1883909612407106
1656	3.178891501684475
1657	3.169424027399073
1658	3.1599884190359244
1659	3.1505845577453755
1660	3.1412123251729174
1661	3.131871603456821
1662	3.122562275225708
1663	3.1132842235956564
1664	3.1040373321683425
1665	3.09482148502907
1666	3.085636566744476
1667	3.076482462360259
1668	3.0673590573989093
1669	3.058266237857458
1670	3.0492038902052307
1671	3.04017190138162
1672	3.0311701587938606
1673	3.0221985503148265
1674	3.013256964280831
1675	3.0043452894894376
1676	2.995463415197292
1677	2.9866112311179536
1678	2.9777886274197423
1679	2.968995494723593
1680	2.9602317241005793
1681	2.9514972070685475
1682	2.9427918355876064
1683	2.934115502061646
1684	2.925468099337237
1685	2.916849520701559
1686	2.9082596598803327
1687	2.8996984110357658
1688	2.891165668764507
1689	2.882661328095611
1690	2.87418528448852
1691	2.8657374338310393
1692	2.857317672437345
1693	2.8489258970459828
1694	2.840562004817888
1695	2.8322258933344346
1696	2.8239174605957578
1697	2.815636605018908
1698	2.8073832254356845
1699	2.7991572210910896
1700	2.7909584916414665
1701	2.78278693715259
1702	2.7746424580977593
1703	2.7665249553559073
1704	2.7584343302097087
1705	2.7503704843437102
1706	2.7423333198405033
1707	2.7343227391753597
1708	2.726338645219464
1709	2.7183809412391753
1710	2.710449530893885
1711	2.7025443182329254
1712	2.694665207694878
1713	2.686812104106302
1714	2.678984912679854
1715	2.6711835390123433
1716	2.663407889083198
1717	2.655657869252764
1718	2.6479333862605126
1719	2.640234347222847
1720	2.632560659631457
1721	2.6249122313518667
1722	2.6172889706217304
1723	2.6096907860491174
1724	2.602117586610809
1725	2.5945692816506116
1726	2.5870457808776672
1727	2.5795469943647777
1728	2.5720728325467364
1729	2.564623206218671
1730	2.557198026534157
1731	2.549797204998571
1732	2.542420653466689
1733	2.5350682841473664
1734	2.5277400096026046
1735	2.5204357427459425
1736	2.513155396840854
1737	2.5058988854991533
1738	2.4986661226794076
1739	2.4914570226853594
1740	2.4842715001643545
1741	2.4771094701057796
1742	2.4699708478395075
1743	2.462855549034346
1744	2.4557634896965
1745	2.448694586168039
1746	2.4416487551253723
1747	2.434625913577713
1748	2.427625978865225
1749	2.4206488686575205
1750	2.4136945009526065
1751	2.4067627940754117
1752	2.399853666676308
1753	2.3929670377296404
1754	2.3861028265322344
1755	2.379260952700381
1756	2.37244133616752
1757	2.3656438971853513
1758	2.3588685563226615
1759	2.3521152344638945
1760	2.345383852807724
1761	2.3386743328654522
1762	2.3319865964579165
1763	2.3253205657138656
1764	2.3186761630697816
1765	2.3120533112694375
1766	2.305451933362083
1767	2.298871952699771
1768	2.292313292937455
1769	2.28577587803208
1770	2.279259632241236
1771	2.2727644801218068
1772	2.2662903465286295
1773	2.2598371566131625
1774	2.253404835822157
1775	2.246993309896335
1776	2.240602504869076
1777	2.234232347065109
1778	2.22788276309919
1779	2.22155367987417
1780	2.2152450245796262
1781	2.208956724691918
1782	2.20268870797338
1783	2.1964409024708256
1784	2.190213236514273
1785	2.1840056387156808
1786	2.177818037967702
1787	2.1716503634424362
1788	2.1655025445901877
1789	2.159374511138236
1790	2.153266193089605
1791	2.1471775207218453
1792	2.141108424586199
1793	2.1350588355068782
1794	2.1290286845790525
1795	2.123017903167526
1796	2.117026422905544
1797	2.1110541756936043
1798	2.105101093698281
1799	2.0991671093510442
1800	2.0932521553468897
1801	2.0873561646409553
1802	2.0814790704482156
1803	2.0756208062431676
1804	2.0697813057593715
1805	2.0639605029887367
1806	2.058158332180387
1807	2.052374727839528
1808	2.0466096247263237
1809	2.0408629578547717
1810	2.0351346624915947
1811	2.029424674154459
1812	2.023732928608604
1813	2.018059361867971
1814	2.012403910194948
1815	2.0067665100992826
1816	2.001147098337006
1817	1.9955456119093529
1818	1.9899619880616881
1819	1.984396164282448
1820	1.978848078302072
1821	1.9733176680919517
1822	1.9678048718633767
1823	1.9623096280664905
1824	1.9568318753892486
1825	1.9513715527563829
1826	1.945928599328373
1827	1.94050295450042
1828	1.9350945579014178
1829	1.929703349392939
1830	1.9243292690682199
1831	1.9189722572511592
1832	1.913632254495307
1833	1.9083092015828753
1834	1.9030030395237396
1835	1.8977137095544536
1836	1.8924411531372645
1837	1.8871853119591322
1838	1.8819461279307583
1839	1.8767235431856124
1840	1.8715175000789694
1841	1.8663279411869478
1842	1.8611548093055512
1843	1.8559980474497217
1844	1.8508575988523852
1845	1.8457334069635145
1846	1.8406254154491863
1847	1.8355335681906513
1848	1.8304578092833341
1849	1.825398083034924
1850	1.8203543339647439
1851	1.8153265068037492
1852	1.810314546493642
1853	1.8053183981859637
1854	1.800338007241188
1855	1.795373319227825
1856	1.790424279921521
1857	1.7854908353041699
1858	1.7805729315630223
1859	1.77567051508971
1860	1.77078353247765
1861	1.7659119305214368
1862	1.76105565621761
1863	1.7562146567643382
1864	1.7513888795600687
1865	1.746578272201858
1866	1.7417827824851477
1867	1.737002358403196
1868	1.7322369481472186
1869	1.7274865001051674
1870	1.7227330773053218
1871	1.7178910154337443
1872	1.7130637837261824
1873	1.7082513321704984
1874	1.7034536109425464
1875	1.698670570405377
1876	1.6939021611084333
1877	1.689148333786762
1878	1.6844090393602207
1879	1.6796842289326912
1880	1.6749738537912964
1881	1.6702778654056214
1882	1.6655962154269364
1883	1.6609288556874255
1884	1.6562757381994162
1885	1.651636815154617
1886	1.6470120389233505
1887	1.6424013620538018
1888	1.6378047372712565
1889	1.633222117477355
1890	1.6286534557493406
1891	1.6240987053393188
1892	1.6195578196735105
1893	1.6150307523515113
1894	1.610517457145252
1895	1.6060178879980385
1896	1.6015319990242844
1897	1.597059744508913
1898	1.5926010789066356
1899	1.588155956841218
1900	1.5837243331037472
1901	1.579306162651453
1902	1.5749014006085342
1903	1.570510002265595
1904	1.5661319230789439
1905	1.5617671186698965
1906	1.5574155448240563
1907	1.5530771574894415
1908	1.5487519127752838
1909	1.5444397669530174
1910	1.5401406764557457
1911	1.5358545978775573
1912	1.5315814879728589
1913	1.5273213036556994
1914	1.5230740019991056
1915	1.5188395402344124
1916	1.5146178757503854
1917	1.5104089660924196
1918	1.506212768962263
1919	1.5020292422174042
1920	1.497858343870424
1921	1.4937000320883487
1922	1.4895542651920033
1923	1.4854210016553735
1924	1.4813002001049655
1925	1.4771918193191704
1926	1.4730958182276321
1927	1.469012155910616
1928	1.4649407915983848
1929	1.4608816846705706
1930	1.4568347946555575
1931	1.452800081229841
1932	1.4487775042165862
1933	1.4447670235847216
1934	1.440768599449508
1935	1.436782192072029
1936	1.4328077618585842
1937	1.4288452693600782
1938	1.4248946752709686
1939	1.4209559404285403
1940	1.4170290258129565
1941	1.4131138925467244
1942	1.4092105018941021
1943	1.4053188152605156
1944	1.401438794191974
1945	1.3975704003744887
1946	1.3937135956334967
1947	1.389868341933283
1948	1.3860346013764084
1949	1.382212336203139
1950	1.3784015087908799
1951	1.3746020816536053
1952	1.3708140174412855
1953	1.3670372789382432
1954	1.3632718290619128
1955	1.35951763086399
1956	1.3557746475300598
1957	1.352042842379044
1958	1.348322178862658
1959	1.3446126205648654
1960	1.3409141312013362
1961	1.3372266746189085
1962	1.33355021479505
1963	1.3298847158369407
1964	1.3262301419793694
1965	1.3225864575856834
1966	1.318953627147928
1967	1.3153316152863248
1968	1.3117203867487475
1969	1.3081199064102027
1970	1.3045301392723112
1971	1.3009510504627924
1972	1.2973826052349502
1973	1.2938247689671631
1974	1.2902775071623742
1975	1.286740785447584
1976	1.2832145695733477
1977	1.2796988254132695
1978	1.2761935189635063
1979	1.2726986163422678
1980	1.2692140837893233
1981	1.2657398876659043
1982	1.2622759944546198
1983	1.2588223707584154
1984	1.2553789833000115
1985	1.2519457989214209
1986	1.2485227845834637
1987	1.245109907365287
1988	1.2417071344638877
1989	1.2383144331936327
1990	1.2349317709857872
1991	1.23155911538804
1992	1.228196434064034
1993	1.2248436947928965
1994	1.221500865468636
1995	1.2181679140992017
1996	1.2148448088064512
1997	1.2115315178256636
1998	1.2082280095052618
1999	1.2049342523064241
2000	1.2016502148026325
2001	1.1983758656792176
2002	1.195111173732831
2003	1.1918561078708083
2004	1.1886106371108325
2005	1.1853747305806286
2006	1.1821483575175733
2007	1.1789314872682541
2008	1.1757240892880327
2009	1.1725261331406067
2010	1.1693375884975759
2011	1.16615842513801
2012	1.1629886129480183
2013	1.159828121920319
2014	1.1566769221538133
2015	1.15353498385316
2016	1.1504022773283527
2017	1.1472787729943013
2018	1.1441644413704624
2019	1.141059253080398
2020	1.1379631788513265
2021	1.1348761895137058
2022	1.1317982560008242
2023	1.128729349348324
2024	1.1256694406936396
2025	1.1226185012747503
2026	1.1195765024298299
2027	1.1165434155979646
2028	1.1135192123188071
2029	1.110503864232177
2030	1.1074973430776616
2031	1.1044996206942197
2032	1.1015106690197878
2033	1.0985304600908836
2034	1.0955589660422187
2035	1.0925961591063034
2036	1.0896420116130638
2037	1.0866964959894516
2038	1.0837595847590593
2039	1.08083125054174
2040	1.0779114660532212
2041	1.0750002041047277
2042	1.0720974376026269
2043	1.0692031395481043
2044	1.0663172830367158
2045	1.063439841257986
2046	1.060570787495151
2047	1.0577100951248004
2048	1.0548577376165091
2049	1.0520136885324716
2050	1.0491779215271353
2051	1.0463504103468413
2052	1.0435311288295535
2053	1.040720050904541
2054	1.0379171505918725
2055	1.0351224020008016
2056	1.032335779329328
2057	1.0295572568653326
2058	1.0267868089863137
2059	1.024024410159036
2060	1.0212700349393118
2061	1.0185236579716863
2062	1.015785253988921
2063	1.013054797811638
2064	1.0103322643479664
2065	1.0076176285931233
2066	1.0049108656291317
2067	1.0022119506245224
2068	0.9995208588339985
2069	0.9968375655980981
2070	0.9941620463428587
2071	0.9914942765794847
2072	0.9888342319040153
2073	0.9861818879969932
2074	0.9835372206231359
2075	0.9809002056310068
2076	0.9782708189526903
2077	0.9756490366034644
2078	0.9730348346814789
2079	0.9704281893674316
2080	0.9678290769242472
2081	0.9652374736967592
2082	0.9626533561113878
2083	0.9600767006758274
2084	0.9575074839784042
2085	0.9549456826858862
2086	0.9523912735443777
2087	0.9498442333802027
2088	0.9473045390996393
2089	0.9447721676886119
2090	0.942247096212382
2091	0.9397293018152425
2092	0.9372187617202135
2093	0.9347154532287376
2094	0.9322193537203772
2095	0.9297304406525145
2096	0.9272486915600501
2097	0.9247740840551059
2098	0.9223065958267251
2099	0.9198462046405784
2100	0.9173928883386685
2101	0.9149466248390343
2102	0.9125073921354605
2103	0.9100751682971856
2104	0.9076499314686097
2105	0.9052316598689129
2106	0.9028203317917058
2107	0.9004159256049086
2108	0.898018419750485
2109	0.8956277927441572
2110	0.8932440231751241
2111	0.8908670897057775
2112	0.8884969710714238
2113	0.8861336460799265
2114	0.8837770936106599
2115	0.8814272926146033
2116	0.8790842221146337
2117	0.8767478612052587
2118	0.8744181890523423
2119	0.8720951848928338
2120	0.8697788280344939
2121	0.8674690978556548
2122	0.8651659738051815
2123	0.8628694354020705
2124	0.8605794622350366
2125	0.8582960339622459
2126	0.8560191303110504
2127	0.8537487310776304
2128	0.8514848161265203
2129	0.8492273653906026
2130	0.8469763588709145
2131	0.8447317766363891
2132	0.8424935988235968
2133	0.8402618056364918
2134	0.838036377346206
2135	0.8358172942907757
2136	0.8336045368748497
2137	0.8313980855694365
2138	0.8291979209116516
2139	0.8270040235044462
2140	0.8248163740161614
2141	0.8226349531803678
2142	0.8204597417956672
2143	0.8182907207250661
2144	0.8161278708960789
2145	0.8139711733008157
2146	0.8118206089958268
2147	0.8096761591017759
2148	0.8075378048031958
2149	0.8054055273482482
2150	0.8032793080484815
2151	0.8011591282785955
2152	0.7990449694762006
2153	0.7969368131415829
2154	0.7948346408374675
2155	0.7927384341887836
2156	0.7906481748824308
2157	0.788563844667046
2158	0.7864854253527709
2159	0.7844128988110215
2160	0.7823462469742576
2161	0.7802854518357535
2162	0.7782304954493692
2163	0.7761813599293232
2164	0.7741380274499673
2165	0.7721004802455579
2166	0.7700687006100352
2167	0.768042670896795
2168	0.766022373518432
2169	0.7640077909461436
2170	0.7619989057096783
2171	0.7599957003971494
2172	0.7579981576548285
2173	0.7560062601871737
2174	0.7540199907566234
2175	0.7520393321833809
2176	0.7500642673451983
2177	0.7480947791771614
2178	0.7461308506714769
2179	0.744172464877259
2180	0.7422196049003164
2181	0.7402722539029917
2182	0.7383303951042473
2183	0.7363940117792441
2184	0.7344630872589732
2185	0.7325376049300469
2186	0.7306175482344934
2187	0.7287029006695492
2188	0.7267936457874553
2189	0.7248897671952518
2190	0.7229912485545752
2191	0.7210980735814555
2192	0.7192102260461141
2193	0.7173276897727625
2194	0.7154504486394024
2195	0.7135784865776267
2196	0.7117117875724188
2197	0.7098503356619577
2198	0.7079941149374163
2199	0.7061431095427211
2200	0.7042973036743527
2201	0.702456681581207
2202	0.7006212275644012
2203	0.6987909259770837
2204	0.6969657612242401
2205	0.6951457177625093
2206	0.6933307801000143
2207	0.6915209327961543
2208	0.689716160461411
2209	0.6879164477571592
2210	0.686121779395479
2211	0.6843321401389691
2212	0.682547514800561
2213	0.6807678882433326
2214	0.6789932453803238
2215	0.6772235711743525
2216	0.6754588506378311
2217	0.6736990688325841
2218	0.6719442108696656
2219	0.670194261909179
2220	0.6684492071600956
2221	0.6667090318800756
2222	0.6649737213752883
2223	0.6632432610002315
2224	0.6615176361574425
2225	0.6597968322973061
2226	0.6580808349179523
2227	0.6563696295647263
2228	0.6546632018302597
2229	0.652961537354513
2230	0.6512646218246034
2231	0.649572440974632
2232	0.6478849805855115
2233	0.6462022264847959
2234	0.6445241645465082
2235	0.6428507806909711
2236	0.6411820608846379
2237	0.639517991139923
2238	0.6378585575150345
2239	0.6362037461138144
2240	0.6345535430857655
2241	0.6329079346258818
2242	0.6312669069742749
2243	0.6296304464159975
2244	0.6279985392808818
2245	0.6263711719433741
2246	0.6247483308223737
2247	0.6231300023810694
2248	0.6215161731267804
2249	0.619906829610897
2250	0.6183019584288634
2251	0.6167015462198572
2252	0.6151055796666077
2253	0.6135140454952367
2254	0.6119269304750958
2255	0.61034422141861
2256	0.608765905181131
2257	0.6071919686607966
2258	0.6056223987983642
2259	0.6040571825770515
2260	0.6024963070223823
2261	0.6009397592020344
2262	0.5993875262256868
2263	0.5978395952448685
2264	0.5962959534528065
2265	0.5947565880842763
2266	0.5932214864154514
2267	0.5916906357637534
2268	0.5901640234877044
2269	0.588641636986778
2270	0.5871234637012512
2271	0.5856094911120588
2272	0.5840997067406454
2273	0.5825940981488195
2274	0.5810926529386096
2275	0.5795953587521175
2276	0.5781022032713754
2277	0.5766131742182011
2278	0.5751282593540558
2279	0.5736474464799006
2280	0.5721707234360527
2281	0.5706980781019523
2282	0.5692294983960066
2283	0.5677649722755664
2284	0.5663044877367949
2285	0.5648480328145271
2286	0.5633955955821325
2287	0.5619471641513754
2288	0.5605027266721881
2289	0.5590622713323237
2290	0.5576257863574698
2291	0.5561932600111811
2292	0.5547646805947427
2293	0.5533400364470361
2294	0.5519193159444048
2295	0.5505025075005198
2296	0.5490895995662669
2297	0.5476805806298378
2298	0.5462754392165073
2299	0.544874163888325
2300	0.5434767432439406
2301	0.5420831659184968
2302	0.5406934205835203
2303	0.5393074959467922
2304	0.5379253807522191
2305	0.536547063779706
2306	0.5351725338450259
2307	0.5338017797996806
2308	0.532434790530655
2309	0.5310715549603585
2310	0.5297120620465794
2311	0.5283563007823595
2312	0.5270042601958688
2313	0.5256559293502812
2314	0.524311297343651
2315	0.5229703533087876
2316	0.5216330864131336
2317	0.5202994858586419
2318	0.5189695408816527
2319	0.5176432407527719
2320	0.516320574776751
2321	0.5150015322923638
2322	0.5136861026722879
2323	0.5123742753229844
2324	0.5110660396845771
2325	0.5097613852307351
2326	0.508460301468544
2327	0.5071627779382314
2328	0.5058688042130743
2329	0.5045783698994303
2330	0.5032914646366266
2331	0.5020080780968434
2332	0.5007281999849992
2333	0.49945182003863137
2334	0.49817892802763536
2335	0.4969095137540737
2336	0.4956435670522969
2337	0.4943810777888528
2338	0.49312203586237374
2339	0.49186643120346213
2340	0.4906142537745802
2341	0.48936549356993686
2342	0.48812014061537684
2343	0.4868781849682693
2344	0.4856396167173974
2345	0.48440442598284794
2346	0.4831726029159017
2347	0.48194413769892436
2348	0.4807190205452555
2349	0.47949724169909014
2350	0.4782787914353733
2351	0.4770636600596995
2352	0.47585183790831653
2353	0.4746433153481622
2354	0.473438082776522
2355	0.4722361306208839
2356	0.47103744933883224
2357	0.46984202941794345
2358	0.4686498613756806
2359	0.46746093575928954
2360	0.46627524314569435
2361	0.465092774141395
2362	0.4639135193823628
2363	0.46273746953393885
2364	0.46156461529070636
2365	0.4603949473761346
2366	0.4592284565425852
2367	0.4580651335714005
2368	0.4569049692728056
2369	0.45574795448580824
2370	0.45459408007809937
2371	0.4534433369459531
2372	0.452295716014128
2373	0.45115120823576826
2374	0.4500098045923053
2375	0.44887149609335936
2376	0.44773627377664277
2377	0.446604128707862
2378	0.4454750519806205
2379	0.444349034716323
2380	0.4432260680640782
2381	0.4421061432006045
2382	0.44098925133013206
2383	0.43987538368432083
2384	0.43876453152221967
2385	0.4376566861301422
2386	0.43655183882170323
2387	0.43544998093779286
2388	0.43435110384631437
2389	0.43325519894207914
2390	0.43216225764669913
2391	0.4310722714084779
2392	0.4299852317023457
2393	0.42890113002977087
2394	0.42781995791866995
2395	0.4267417069233157
2396	0.42566636862424656
2397	0.42459393462817707
2398	0.4235243965679066
2399	0.42245774610223136
2400	0.42139397491585323
2401	0.4203330747192909
2402	0.4192750372487373
2403	0.41821985426595215
2404	0.41716751755824766
2405	0.4161180189384074
2406	0.4150713502445975
2407	0.4140275033402811
2408	0.41298647011413137
2409	0.41194824247994444
2410	0.41091281237655436
2411	0.4098801717677294
2412	0.4088503126420075
2413	0.4078232270126827
2414	0.4067989069177572
2415	0.4057773444198578
2416	0.40475853160615094
2417	0.40374246058825947
2418	0.402729123502179
2419	0.4017185125081943
2420	0.4007106197907968
2421	0.3997054375586019
2422	0.3987029580442664
2423	0.39770317350440687
2424	0.39670607621951737
2425	0.3957116584938887
2426	0.39471991265552697
2427	0.3937308310560723
2428	0.3927444060707193
2429	0.39176063009813544
2430	0.39077949556038266
2431	0.3898009949028365
2432	0.388825120594107
2433	0.38785186512596015
2434	0.38688122101323796
2435	0.38591318079378145
2436	0.3849477370283474
2437	0.3839848823004852
2438	0.3830246092164578
2439	0.3820669104050021
2440	0.3811117785173394
2441	0.3801592062272461
2442	0.3792091862309806
2443	0.37826171124720687
2444	0.37731677401691865
2445	0.3763743673033645
2446	0.3754344838919718
2447	0.37449711659027235
2448	0.3735622582278274
2449	0.37262990165616705
2450	0.3717000397487263
2451	0.3707726654007485
2452	0.3698477715292089
2453	0.36892535107274127
2454	0.3680053969915648
2455	0.36708790226741156
2456	0.36617285990345366
2457	0.3652602629242312
2458	0.36435010437557996
2459	0.36344237732454276
2460	0.3625370748592324
2461	0.361634190088811
2462	0.360733716143405
2463	0.35983564617404845
2464	0.3589399733526413
2465	0.3580466908718813
2466	0.3571557919451937
2467	0.35626726980666173
2468	0.3553811177109568
2469	0.35449732893326985
2470	0.3536158967692426
2471	0.35273681453489847
2472	0.35186007556657456
2473	0.35098567322085344
2474	0.3501136008744857
2475	0.3492438519241092
2476	0.3483764197861866
2477	0.34751129789716717
2478	0.3466484797134316
2479	0.34578795871122453
2480	0.3449297283865892
2481	0.34407378225530105
2482	0.34322011385280243
2483	0.3423687167341362
2484	0.3415195844738757
2485	0.34067271066605986
2486	0.3398280889241279
2487	0.33898571288082846
2488	0.33814557618817787
2489	0.33730767251740884
2490	0.3364719955589066
2491	0.3356385390221454
2492	0.33480729663562525
2493	0.3339782621468082
2494	0.33315142932205616
2495	0.3323267919465678
2496	0.3315043438243156
2497	0.3306840787779845
2498	0.32986599064890915
2499	0.32905007329701225
2500	0.32823632060074287
2501	0.3274247264570155
2502	0.32661528478114776
2503	0.3258079895068008
2504	0.32500283458591755
2505	0.3241998139886624
2506	0.32339892170336115
2507	0.3226001517364406
2508	0.32180349811236864
2509	0.32100895487359454
2510	0.3202165160804408
2511	0.3194261758107813
2512	0.31863792816021325
2513	0.31785176724211056
2514	0.3170676871875571
2515	0.31628568214528935
2516	0.3155057462816379
2517	0.3147278737804698
2518	0.3139520588431315
2519	0.3131782956883909
2520	0.3124065785523807
2521	0.3116369016885412
2522	0.31086925936756377
2523	0.31010364587733463
2524	0.30934005552287763
2525	0.308578482626299
2526	0.30781892152673085
2527	0.307061366580276
2528	0.3063058121599518
2529	0.30555225265563535
2530	0.30480068247400766
2531	0.3040510960384996
2532	0.30330348778923566
2533	0.302557852182938
2534	0.3018141836928448
2535	0.30107247680870153
2536	0.3003327260366711
2537	0.299594925899336
2538	0.29885907093566016
2539	0.2981251557009345
2540	0.2973931747667243
2541	0.29666312272081563
2542	0.29593499416716323
2543	0.29520878372583687
2544	0.29448448603296945
2545	0.2937620957406954
2546	0.29304160751699804
2547	0.2923230160457039
2548	0.2916063160265026
2549	0.2908915021748967
2550	0.29017856922214985
2551	0.28946751191523673
2552	0.28875832501679094
2553	0.288051003305055
2554	0.28734554157382947
2555	0.2866419346324225
2556	0.2859401773056001
2557	0.28524026443353506
2558	0.28454219087175814
2559	0.28384595149110764
2560	0.2831515411776804
2561	0.2824589548327827
2562	0.2817681873729212
2563	0.28107923372976645
2564	0.28039208885005384
2565	0.27970674769552917
2566	0.27902320524290053
2567	0.27834145648379
2568	0.2776614964246855
2569	0.27698332008689247
2570	0.2763069225064867
2571	0.27563229873426626
2572	0.2749594438357039
2573	0.27428835289090014
2574	0.2736190209945357
2575	0.2729514432558251
2576	0.27228561479846897
2577	0.2716215307606079
2578	0.27095918629477617
2579	0.2702985765678547
2580	0.26963969676100397
2581	0.2689825420695609
2582	0.2683271077030575
2583	0.26767338888522374
2584	0.2670213808539972
2585	0.2663710788614449
2586	0.2657224781737114
2587	0.2650755740709742
2588	0.26443036184739777
2589	0.26378683681108994
2590	0.2631449942840663
2591	0.2625048296022076
2592	0.2618663381152044
2593	0.26122951518651194
2594	0.26059435619330595
2595	0.2599608565264391
2596	0.25932901159039706
2597	0.2586988168032553
2598	0.25807026759663537
2599	0.2574433594156618
2600	0.25681808771891934
2601	0.25619444797840957
2602	0.2555724356795079
2603	0.25495204632092167
2604	0.25433327541463685
2605	0.2537161184857965
2606	0.2531005710727056
2607	0.25248662872683386
2608	0.2518742870127751
2609	0.25126354150820474
2610	0.25065438780383903
2611	0.25004682150339425
2612	0.24944083822359234
2613	0.2488364335941207
2614	0.2482336032575331
2615	0.24763234286917118
2616	0.24703264809714856
2617	0.24643451462232957
2618	0.2458379381382889
2619	0.24524291435127124
2620	0.24464943898015107
2621	0.2440575077563929
2622	0.2434671164240111
2623	0.24287826073953037
2624	0.24229093647194588
2625	0.2417051394026842
2626	0.24112086532556348
2627	0.24053811004675466
2628	0.23995686938474212
2629	0.23937713917028464
2630	0.23879891524637717
2631	0.23822219346821116
2632	0.23764696970313692
2633	0.23707323983062478
2634	0.23650099974222671
2635	0.2359302453415383
2636	0.23536097254416063
2637	0.23479317727766238
2638	0.23422685548154215
2639	0.23366200310719049
2640	0.23309861611785274
2641	0.23253669048859116
2642	0.23197622220624808
2643	0.2314172072694051
2644	0.23085964168833945
2645	0.23030352148499558
2646	0.2297488426929495
2647	0.22919560135737252
2648	0.22864379353498954
2649	0.22809341529402952
2650	0.22754446271420434
2651	0.22699693188667702
2652	0.22645081891402583
2653	0.22590611991020804
2654	0.22536283100052437
2655	0.22482094832158328
2656	0.2242804680212653
2657	0.2237413862586878
2658	0.22320369920416924
2659	0.22266740303919452
2660	0.22213249395637957
2661	0.22159896815943628
2662	0.22106682186313806
2663	0.22053605129328455
2664	0.22000665268666744
2665	0.21947862229103585
2666	0.21895195636506157
2667	0.21842665117830545
2668	0.2179027030111827
2669	0.21738010815492892
2670	0.2168588629115664
2671	0.21633896359386992
2672	0.21582040652533338
2673	0.21530318804013598
2674	0.21478730448308367
2675	0.2142727522095301
2676	0.2137595275854041
2677	0.21324762698718908
2678	0.21273704680188998
2679	0.21222778342700052
2680	0.21171983327047023
2681	0.21121319275066552
2682	0.21070785829628141
2683	0.2102038263463376
2684	0.20970109335018466
2685	0.20919965576747232
2686	0.2086995100681172
2687	0.208200652732271
2688	0.20770308025028825
2689	0.2072067891226949
2690	0.20671177586015654
2691	0.20621803698344673
2692	0.20572556902342212
2693	0.20523436852099325
2694	0.20474443202708406
2695	0.20425575610260072
2696	0.20376833731840016
2697	0.20328217225525952
2698	0.2027972575038449
2699	0.2023135896646806
2700	0.20183116534811893
2701	0.20134998117430902
2702	0.20087003377316665
2703	0.2003913197843439
2704	0.19991383585719893
2705	0.19943757865076553
2706	0.19896254483372344
2707	0.1984887310843681
2708	0.19801613409057997
2709	0.19754475054978013
2710	0.19707457716889723
2711	0.19660561066434887
2712	0.1961378477620126
2713	0.19567128519719684
2714	0.1952059197146118
2715	0.1947417480683447
2716	0.19427876702182795
2717	0.19381697334780779
2718	0.19335636382831536
2719	0.19289693525463833
2720	0.19243868442729184
2721	0.19198160815599033
2722	0.19152570325961546
2723	0.1910709665661761
2724	0.19061739491279062
2725	0.1901649851456636
2726	0.18971373412005701
2727	0.189263638700263
2728	0.18881469575957188
2729	0.18836690218023897
2730	0.18792025485346425
2731	0.18747475067936606
2732	0.18703038656695367
2733	0.18658715943410004
2734	0.1861450662075145
2735	0.18570410382271596
2736	0.18526426922400563
2737	0.1848255593644395
2738	0.1843879712058017
2739	0.1839515017185772
2740	0.1835161478819256
2741	0.18308190668365376
2742	0.18264877512015248
2743	0.18221675019633546
2744	0.18178582892567877
2745	0.18135600833020316
2746	0.1809272854404475
2747	0.18049965729543285
2748	0.18007312094262606
2749	0.17964767343793317
2750	0.17922331184567616
2751	0.17880003323856725
2752	0.17837783469768315
2753	0.17795671331243937
2754	0.17753666618056468
2755	0.17711769040807637
2756	0.17669978310928772
2757	0.17628294140679454
2758	0.17586716243140374
2759	0.1754524433221043
2760	0.17503878122604224
2761	0.17462617329849578
2762	0.17421461670285046
2763	0.1738041086105742
2764	0.17339464620119283
2765	0.17298622666226532
2766	0.17257884718935912
2767	0.1721725049860261
2768	0.1717671972637777
2769	0.1713629212420609
2770	0.17095967414823385
2771	0.17055745321754184
2772	0.17015625569309306
2773	0.16975607882583485
2774	0.16935691987452947
2775	0.1689587761057304
2776	0.16856164479375874
2777	0.1681655232206792
2778	0.1677704086762766
2779	0.1673762984580263
2780	0.1669831898710568
2781	0.16659108022814365
2782	0.16619996684969043
2783	0.1658098470637056
2784	0.16542071820577903
2785	0.1650325776190592
2786	0.16464542265423018
2787	0.16425925066948877
2788	0.16387405903052144
2789	0.16348984511048176
2790	0.16310660628996754
2791	0.16272433995699828
2792	0.1623430435069928
2793	0.16196271434274626
2794	0.16158334987440834
2795	0.1612049475194604
2796	0.16082750470269352
2797	0.16045101885618612
2798	0.16007548741928207
2799	0.15970090783856236
2800	0.15932727756780973
2801	0.1589545940680019
2802	0.1585828548073046
2803	0.1582120572610837
2804	0.1578421989118477
2805	0.15747327724921406
2806	0.1571052897698871
2807	0.15673823397763706
2808	0.15637210738325924
2809	0.15600690750450003
2810	0.1556426318660921
2811	0.15527927799972985
2812	0.1549168434440314
2813	0.15455532574455594
2814	0.15419472245378663
2815	0.15383503113111144
2816	0.15347624934280304
2817	0.15311837466199613
2818	0.15276140466866647
2819	0.15240533694961012
2820	0.15205016909842312
2821	0.1516958987154809
2822	0.15134252340791782
2823	0.1509900407896071
2824	0.15063844848114036
2825	0.15028774410980744
2826	0.1499379253095763
2827	0.14958898972107287
2828	0.14924093499156119
2829	0.14889375877492325
2830	0.14854745873163935
2831	0.14820203252876807
2832	0.1478574778399266
2833	0.14751379234527104
2834	0.14717097373147678
2835	0.14682901969171877
2836	0.14648792792565232
2837	0.14614769613939335
2838	0.14580832204549912
2839	0.14546980336294885
2840	0.14513213781712456
2841	0.14479532313979174
2842	0.14445935706908022
2843	0.14412423734946522
2844	0.1437899617317481
2845	0.14345652797303748
2846	0.1431239338367304
2847	0.14279217709249398
2848	0.14246125551627614
2849	0.14212599437745913
2850	0.1417866745196517
2851	0.14144819630328112
2852	0.1411105575450612
2853	0.14077375606771106
2854	0.14043778969993764
2855	0.1401026562764173
2856	0.1397683536377786
2857	0.13943487963058462
2858	0.13910223210731498
2859	0.13877040892634868
2860	0.13843940795194642
2861	0.13810922705423312
2862	0.1377798641091806
2863	0.1374513169985902
2864	0.13712358361007562
2865	0.13679666183704542
2866	0.13647054957868607
2867	0.13614524473994485
2868	0.13582074523151264
2869	0.13549704896980685
2870	0.13517415387695475
2871	0.1348520578807762
2872	0.13453075891476707
2873	0.13421025491808666
2874	0.13389054383556967
2875	0.13357162361768707
2876	0.1332534922205237
2877	0.13293614760576294
2878	0.1326195877406707
2879	0.13230381059807853
2880	0.1319888141563675
2881	0.13167459639945187
2882	0.13136115531676268
2883	0.1310484889032317
2884	0.130736595159275
2885	0.13042547209077487
2886	0.13011511770906087
2887	0.1298055300308979
2888	0.1294967070784708
2889	0.12918864687936868
2890	0.12888134746656874
2891	0.12857480687842063
2892	0.1282690231586311
2893	0.12796399435626213
2894	0.12765971852571695
2895	0.1273561937267074
2896	0.1270534180242377
2897	0.12675138948858858
2898	0.12645010619530214
2899	0.12614956622516751
2900	0.1258497676642106
2901	0.12555070860367357
2902	0.12525238713999826
2903	0.1249548013748105
2904	0.1246579494149011
2905	0.1243618293721981
2906	0.12406643936376548
2907	0.1237717775117923
2908	0.12347784194357807
2909	0.12318463079151745
2910	0.12289214219308557
2911	0.12260037429082309
2912	0.12230932523232142
2913	0.12201899317020808
2914	0.12172937626213183
2915	0.12144047267074809
2916	0.12115228056370433
2917	0.12086479811362547
2918	0.1205780234980993
2919	0.12029195489966216
2920	0.1200065905057843
2921	0.1197219285088556
2922	0.11943796710617123
2923	0.11915470449991729
2924	0.11887213889715663
2925	0.1185902685098144
2926	0.11830909155466426
2927	0.11802860625331386
2928	0.117748810832191
2929	0.11746970352252953
2930	0.11719128256035516
2931	0.11691354618647185
2932	0.11663649264644757
2933	0.11636012019060063
2934	0.11608442707398528
2935	0.11580941155637116
2936	0.11553507190223275
2937	0.11526140638076546
2938	0.11498841326588896
2939	0.11471609083619594
2940	0.11444443737493296
2941	0.11417345116998717
2942	0.11390313051387292
2943	0.11363347370371808
2944	0.11336447904125091
2945	0.11309614483278675
2946	0.11282846938921447
2947	0.11256145102597667
2948	0.11229508806305077
2949	0.11202937882494676
2950	0.1117643216406957
2951	0.11149991484383667
2952	0.11123615677240342
2953	0.11097304576891177
2954	0.11071058018034655
2955	0.11044875835814846
2956	0.11018757865820161
2957	0.10992703944082025
2958	0.10966713907073639
2959	0.10940787591708673
2960	0.10914924835340008
2961	0.10889125475758475
2962	0.10863389351191581
2963	0.10837716300302154
2964	0.10812106162186966
2965	0.10786558776375194
2966	0.10761073982827163
2967	0.10735651621933641
2968	0.1071029153451459
2969	0.10684993561817983
2970	0.10659757545518518
2971	0.10634583327716425
2972	0.10609470750936241
2973	0.10584419658125784
2974	0.1055942989265488
2975	0.1053450129831399
2976	0.10509633719313007
2977	0.10484827000280095
2978	0.10460080986260546
2979	0.10435395522715457
2980	0.10410770455520901
2981	0.10386205630970977
2982	0.10361700895775627
2983	0.10337256097055621
2984	0.10312871082341094
2985	0.10288545699570396
2986	0.10264279797088896
2987	0.1024007322364785
2988	0.102159258284032
2989	0.10191837460914448
2990	0.10167807971143478
2991	0.10143837209453427
2992	0.10119925026607501
2993	0.10096071273767884
2994	0.10072275802494503
2995	0.10048538464743581
2996	0.10024859112866608
2997	0.1000123759960952
2998	0.0997767377811094
2999	0.099541675018999
3000	0.09930718624896227