GRID
  0.0053  0.0106  0.0152  0.0188  0.0220  0.0252  0.0285  0.0317  0.0348  0.0378
  0.0409  0.0443  0.0478  0.0512  0.0545  0.0579  0.0618  0.0656  0.0695  0.0734
  0.0777  0.0826  0.0879  0.0934  0.0992  0.1055  0.1133  0.1219  0.1310  0.1408
  0.1521  0.1669  0.1849  0.2059  0.2318  0.2668  0.3462  0.6029  0.8967  1.0000
GRID
  0.0068  0.0126  0.0178  0.0219  0.0255  0.0290  0.0325  0.0359  0.0392  0.0426
  0.0461  0.0497  0.0534  0.0569  0.0608  0.0648  0.0687  0.0726  0.0765  0.0806
  0.0852  0.0900  0.0955  0.1010  0.1072  0.1141  0.1215  0.1302  0.1395  0.1499
  0.1624  0.1769  0.1950  0.2166  0.2453  0.2888  0.3937  0.6455  0.9084  1.0000
GRID
  0.0040  0.0097  0.0165  0.0220  0.0263  0.0304  0.0343  0.0381  0.0417  0.0454
  0.0492  0.0531  0.0571  0.0609  0.0647  0.0686  0.0728  0.0771  0.0814  0.0859
  0.0905  0.0956  0.1011  0.1069  0.1131  0.1199  0.1277  0.1365  0.1463  0.1572
  0.1698  0.1846  0.2027  0.2250  0.2533  0.2970  0.4020  0.6516  0.9121  1.0000
GRID
  0.0043  0.0098  0.0181  0.0246  0.0297  0.0341  0.0381  0.0421  0.0461  0.0504
  0.0545  0.0584  0.0624  0.0665  0.0709  0.0753  0.0796  0.0838  0.0881  0.0929
  0.0976  0.1028  0.1083  0.1143  0.1214  0.1285  0.1364  0.1449  0.1545  0.1666
  0.1800  0.1954  0.2133  0.2360  0.2681  0.3178  0.4604  0.7275  0.9336  1.0000
GRID
  0.0040  0.0104  0.0192  0.0264  0.0320  0.0371  0.0418  0.0462  0.0504  0.0547
  0.0591  0.0636  0.0678  0.0721  0.0764  0.0808  0.0853  0.0898  0.0944  0.0993
  0.1044  0.1099  0.1157  0.1219  0.1288  0.1364  0.1449  0.1541  0.1644  0.1762
  0.1901  0.2070  0.2268  0.2517  0.2859  0.3473  0.5251  0.7802  0.9463  1.0000
GRID
  0.0024  0.0071  0.0179  0.0276  0.0342  0.0396  0.0446  0.0494  0.0542  0.0590
  0.0636  0.0680  0.0725  0.0771  0.0817  0.0864  0.0911  0.0959  0.1006  0.1057
  0.1107  0.1159  0.1218  0.1284  0.1355  0.1430  0.1510  0.1603  0.1712  0.1835
  0.1969  0.2126  0.2321  0.2581  0.2931  0.3556  0.5524  0.8363  0.9577  1.0000
GRID
  0.0034  0.0085  0.0169  0.0275  0.0353  0.0418  0.0475  0.0526  0.0575  0.0622
  0.0672  0.0721  0.0769  0.0815  0.0860  0.0910  0.0960  0.1010  0.1058  0.1107
  0.1162  0.1218  0.1277  0.1340  0.1409  0.1492  0.1578  0.1672  0.1776  0.1895
  0.2046  0.2215  0.2415  0.2665  0.3004  0.3684  0.5980  0.8630  0.9598  1.0000
GRID
  0.0027  0.0072  0.0193  0.0315  0.0394  0.0461  0.0520  0.0572  0.0623  0.0677
  0.0730  0.0781  0.0829  0.0876  0.0926  0.0977  0.1028  0.1076  0.1126  0.1178
  0.1236  0.1294  0.1353  0.1419  0.1494  0.1577  0.1667  0.1758  0.1865  0.1995
  0.2150  0.2330  0.2531  0.2805  0.3209  0.4146  0.6662  0.8792  0.9627  1.0000
GRID
  0.0036  0.0085  0.0178  0.0307  0.0403  0.0477  0.0542  0.0600  0.0655  0.0708
  0.0761  0.0815  0.0866  0.0917  0.0967  0.1018  0.1070  0.1121  0.1172  0.1224
  0.1279  0.1339  0.1399  0.1466  0.1538  0.1619  0.1710  0.1805  0.1911  0.2031
  0.2178  0.2356  0.2561  0.2822  0.3180  0.3957  0.6252  0.8610  0.9554  1.0000
GRID
  0.0028  0.0075  0.0188  0.0343  0.0440  0.0514  0.0582  0.0646  0.0704  0.0759
  0.0814  0.0870  0.0923  0.0976  0.1027  0.1080  0.1136  0.1188  0.1239  0.1289
  0.1343  0.1404  0.1467  0.1536  0.1607  0.1687  0.1777  0.1879  0.1990  0.2111
  0.2251  0.2426  0.2647  0.2929  0.3324  0.4312  0.6977  0.9043  0.9631  1.0000
GRID
  0.0048  0.0123  0.0254  0.0397  0.0497  0.0576  0.0644  0.0705  0.0764  0.0821
  0.0879  0.0936  0.0989  0.1043  0.1094  0.1147  0.1201  0.1253  0.1307  0.1361
  0.1419  0.1483  0.1546  0.1617  0.1689  0.1774  0.1869  0.1966  0.2080  0.2208
  0.2363  0.2553  0.2771  0.3061  0.3504  0.4786  0.7583  0.9144  0.9636  1.0000
GRID
  0.0024  0.0064  0.0172  0.0354  0.0485  0.0576  0.0651  0.0718  0.0783  0.0847
  0.0907  0.0965  0.1021  0.1077  0.1133  0.1191  0.1247  0.1301  0.1354  0.1409
  0.1467  0.1530  0.1596  0.1667  0.1744  0.1830  0.1924  0.2024  0.2139  0.2274
  0.2433  0.2624  0.2855  0.3160  0.3679  0.5182  0.7889  0.9162  0.9632  1.0000
GRID
  0.0031  0.0077  0.0203  0.0397  0.0527  0.0620  0.0699  0.0771  0.0836  0.0898
  0.0960  0.1020  0.1079  0.1135  0.1191  0.1249  0.1305  0.1360  0.1415  0.1470
  0.1533  0.1597  0.1666  0.1738  0.1815  0.1907  0.2004  0.2112  0.2229  0.2364
  0.2531  0.2734  0.2988  0.3327  0.3894  0.5837  0.8202  0.9191  0.9629  1.0000
GRID
  0.0020  0.0049  0.0120  0.0322  0.0510  0.0617  0.0701  0.0778  0.0853  0.0925
  0.0990  0.1050  0.1110  0.1172  0.1236  0.1295  0.1351  0.1407  0.1465  0.1525
  0.1583  0.1643  0.1711  0.1789  0.1874  0.1959  0.2050  0.2159  0.2287  0.2434
  0.2598  0.2790  0.3045  0.3416  0.4194  0.6290  0.8524  0.9267  0.9630  1.0000
GRID
  0.0024  0.0058  0.0152  0.0409  0.0577  0.0680  0.0766  0.0847  0.0920  0.0989
  0.1053  0.1114  0.1179  0.1240  0.1300  0.1357  0.1416  0.1477  0.1536  0.1594
  0.1654  0.1717  0.1790  0.1868  0.1951  0.2040  0.2138  0.2252  0.2380  0.2527
  0.2699  0.2909  0.3191  0.3577  0.4387  0.6535  0.8635  0.9303  0.9648  1.0000
GRID
  0.0022  0.0054  0.0120  0.0325  0.0562  0.0687  0.0784  0.0864  0.0942  0.1020
  0.1089  0.1156  0.1218  0.1281  0.1346  0.1405  0.1466  0.1524  0.1584  0.1648
  0.1709  0.1777  0.1846  0.1924  0.2012  0.2105  0.2206  0.2315  0.2447  0.2607
  0.2788  0.3015  0.3293  0.3728  0.4850  0.7147  0.8849  0.9344  0.9679  1.0000
GRID
  0.0025  0.0059  0.0126  0.0343  0.0588  0.0723  0.0825  0.0910  0.0991  0.1066
  0.1135  0.1204  0.1268  0.1334  0.1398  0.1457  0.1518  0.1575  0.1637  0.1699
  0.1764  0.1833  0.1903  0.1983  0.2070  0.2163  0.2271  0.2384  0.2516  0.2670
  0.2855  0.3092  0.3386  0.3881  0.5240  0.7467  0.8821  0.9307  0.9640  1.0000
GRID
  0.0015  0.0036  0.0077  0.0234  0.0488  0.0679  0.0804  0.0906  0.0998  0.1077
  0.1151  0.1223  0.1294  0.1364  0.1430  0.1494  0.1558  0.1620  0.1682  0.1741
  0.1803  0.1871  0.1947  0.2029  0.2113  0.2204  0.2309  0.2428  0.2567  0.2719
  0.2902  0.3137  0.3451  0.4005  0.5560  0.7778  0.8985  0.9373  0.9678  1.0000
GRID
  0.0016  0.0037  0.0067  0.0166  0.0441  0.0686  0.0825  0.0926  0.1017  0.1101
  0.1184  0.1261  0.1327  0.1397  0.1464  0.1531  0.1596  0.1656  0.1719  0.1784
  0.1852  0.1923  0.1992  0.2071  0.2158  0.2256  0.2366  0.2477  0.2610  0.2765
  0.2966  0.3214  0.3495  0.4056  0.5527  0.7971  0.9075  0.9373  0.9675  1.0000
GRID
  0.0016  0.0035  0.0063  0.0145  0.0395  0.0675  0.0831  0.0944  0.1043  0.1136
  0.1218  0.1295  0.1369  0.1440  0.1511  0.1579  0.1645  0.1710  0.1771  0.1837
  0.1901  0.1970  0.2044  0.2126  0.2218  0.2313  0.2419  0.2536  0.2671  0.2837
  0.3034  0.3277  0.3610  0.4272  0.6008  0.8155  0.9071  0.9388  0.9672  1.0000
GRID
  0.0017  0.0038  0.0065  0.0138  0.0375  0.0677  0.0863  0.0981  0.1079  0.1172
  0.1259  0.1343  0.1417  0.1488  0.1558  0.1627  0.1697  0.1759  0.1821  0.1887
  0.1959  0.2035  0.2110  0.2190  0.2281  0.2385  0.2501  0.2621  0.2760  0.2930
  0.3151  0.3442  0.3847  0.4720  0.6700  0.8531  0.9171  0.9438  0.9706  1.0000
GRID
  0.0016  0.0034  0.0059  0.0114  0.0292  0.0567  0.0801  0.0958  0.1080  0.1185
  0.1274  0.1358  0.1439  0.1518  0.1591  0.1661  0.1731  0.1803  0.1871  0.1938
  0.2001  0.2073  0.2152  0.2240  0.2333  0.2429  0.2540  0.2673  0.2827  0.3003
  0.3206  0.3483  0.3921  0.5001  0.7102  0.8590  0.9154  0.9432  0.9699  1.0000
GRID
  0.0019  0.0038  0.0061  0.0100  0.0247  0.0560  0.0829  0.0993  0.1112  0.1217
  0.1314  0.1401  0.1486  0.1563  0.1637  0.1710  0.1780  0.1851  0.1918  0.1988
  0.2058  0.2131  0.2211  0.2296  0.2391  0.2498  0.2614  0.2745  0.2893  0.3078
  0.3315  0.3613  0.4083  0.5322  0.7351  0.8690  0.9165  0.9429  0.9691  1.0000
GRID
  0.0018  0.0037  0.0058  0.0092  0.0208  0.0488  0.0792  0.0985  0.1121  0.1236
  0.1338  0.1431  0.1516  0.1597  0.1676  0.1750  0.1823  0.1893  0.1964  0.2034
  0.2104  0.2180  0.2260  0.2347  0.2446  0.2550  0.2669  0.2802  0.2960  0.3155
  0.3391  0.3719  0.4316  0.5880  0.7932  0.8864  0.9235  0.9470  0.9720  1.0000
GRID
  0.0019  0.0038  0.0058  0.0092  0.0200  0.0506  0.0826  0.1016  0.1152  0.1271
  0.1375  0.1467  0.1551  0.1633  0.1716  0.1792  0.1861  0.1931  0.2001  0.2075
  0.2146  0.2218  0.2295  0.2382  0.2482  0.2590  0.2705  0.2833  0.2986  0.3179
  0.3419  0.3732  0.4329  0.5771  0.7872  0.8865  0.9228  0.9442  0.9695  1.0000
GRID
  0.0020  0.0040  0.0062  0.0095  0.0194  0.0478  0.0812  0.1038  0.1190  0.1314
  0.1418  0.1513  0.1603  0.1689  0.1772  0.1850  0.1924  0.1996  0.2066  0.2135
  0.2205  0.2281  0.2364  0.2455  0.2553  0.2660  0.2781  0.2925  0.3095  0.3293
  0.3545  0.3910  0.4736  0.6545  0.8337  0.8969  0.9268  0.9478  0.9714  1.0000
GRID
  0.0020  0.0040  0.0061  0.0092  0.0163  0.0380  0.0729  0.0996  0.1177  0.1315
  0.1430  0.1529  0.1620  0.1712  0.1798  0.1877  0.1949  0.2021  0.2096  0.2174
  0.2248  0.2323  0.2404  0.2499  0.2602  0.2713  0.2834  0.2971  0.3146  0.3366
  0.3635  0.4045  0.4991  0.6979  0.8516  0.9017  0.9284  0.9476  0.9715  1.0000
GRID
  0.0020  0.0041  0.0062  0.0091  0.0146  0.0320  0.0692  0.1008  0.1204  0.1344
  0.1461  0.1565  0.1662  0.1757  0.1841  0.1923  0.2003  0.2079  0.2154  0.2225
  0.2298  0.2376  0.2461  0.2560  0.2665  0.2778  0.2907  0.3054  0.3240  0.3466
  0.3767  0.4283  0.5541  0.7535  0.8609  0.9046  0.9308  0.9498  0.9730  1.0000
GRID
  0.0022  0.0044  0.0065  0.0093  0.0142  0.0296  0.0655  0.1012  0.1216  0.1362
  0.1488  0.1600  0.1701  0.1795  0.1882  0.1965  0.2045  0.2120  0.2197  0.2272
  0.2350  0.2431  0.2520  0.2619  0.2727  0.2847  0.2983  0.3142  0.3336  0.3578
  0.3903  0.4564  0.6103  0.7840  0.8711  0.9088  0.9330  0.9505  0.9733  1.0000
GRID
  0.0023  0.0044  0.0066  0.0093  0.0140  0.0272  0.0577  0.0935  0.1198  0.1371
  0.1508  0.1621  0.1727  0.1824  0.1917  0.2007  0.2088  0.2167  0.2243  0.2318
  0.2395  0.2473  0.2562  0.2664  0.2774  0.2897  0.3029  0.3192  0.3396  0.3649
  0.4013  0.4747  0.6240  0.7896  0.8738  0.9100  0.9335  0.9509  0.9724  1.0000
GRID
  0.0026  0.0048  0.0070  0.0095  0.0134  0.0233  0.0494  0.0910  0.1198  0.1386
  0.1533  0.1649  0.1760  0.1857  0.1954  0.2042  0.2125  0.2208  0.2287  0.2365
  0.2444  0.2523  0.2614  0.2713  0.2831  0.2957  0.3092  0.3258  0.3465  0.3743
  0.4153  0.5027  0.6777  0.8164  0.8802  0.9115  0.9342  0.9518  0.9733  1.0000
GRID
  0.0026  0.0049  0.0070  0.0095  0.0129  0.0209  0.0462  0.0866  0.1206  0.1400
  0.1559  0.1691  0.1800  0.1901  0.1994  0.2086  0.2176  0.2258  0.2339  0.2415
  0.2501  0.2589  0.2681  0.2783  0.2898  0.3033  0.3188  0.3362  0.3586  0.3891
  0.4456  0.5641  0.7268  0.8430  0.8893  0.9168  0.9380  0.9553  0.9766  1.0000
GRID
  0.0027  0.0051  0.0073  0.0099  0.0133  0.0203  0.0408  0.0849  0.1213  0.1418
  0.1573  0.1706  0.1829  0.1935  0.2031  0.2122  0.2208  0.2294  0.2376  0.2455
  0.2538  0.2625  0.2726  0.2832  0.2947  0.3081  0.3235  0.3433  0.3666  0.3980
  0.4571  0.5883  0.7676  0.8526  0.8914  0.9161  0.9363  0.9527  0.9739  1.0000
GRID
  0.0028  0.0054  0.0077  0.0103  0.0136  0.0196  0.0351  0.0735  0.1152  0.1408
  0.1583  0.1725  0.1853  0.1965  0.2066  0.2166  0.2257  0.2344  0.2424  0.2501
  0.2586  0.2675  0.2776  0.2884  0.2999  0.3141  0.3299  0.3506  0.3753  0.4097
  0.4785  0.6220  0.7785  0.8589  0.8941  0.9192  0.9388  0.9552  0.9757  1.0000
GRID
  0.0028  0.0053  0.0076  0.0102  0.0133  0.0187  0.0317  0.0653  0.1114  0.1397
  0.1592  0.1744  0.1877  0.1993  0.2093  0.2191  0.2282  0.2374  0.2460  0.2543
  0.2630  0.2722  0.2825  0.2936  0.3056  0.3202  0.3372  0.3585  0.3854  0.4253
  0.5127  0.6711  0.8095  0.8672  0.8961  0.9193  0.9382  0.9540  0.9749  1.0000
GRID
  0.0029  0.0054  0.0078  0.0103  0.0136  0.0182  0.0281  0.0557  0.0998  0.1363
  0.1583  0.1744  0.1888  0.2010  0.2121  0.2223  0.2318  0.2414  0.2498  0.2582
  0.2667  0.2758  0.2866  0.2979  0.3107  0.3248  0.3420  0.3640  0.3919  0.4379
  0.5321  0.6826  0.8043  0.8646  0.8967  0.9193  0.9379  0.9543  0.9744  1.0000
GRID
  0.0030  0.0059  0.0082  0.0108  0.0140  0.0185  0.0277  0.0541  0.0964  0.1344
  0.1588  0.1773  0.1925  0.2048  0.2158  0.2260  0.2360  0.2455  0.2543  0.2629
  0.2721  0.2822  0.2935  0.3051  0.3183  0.3340  0.3543  0.3796  0.4138  0.4732
  0.5932  0.7454  0.8359  0.8773  0.9034  0.9236  0.9415  0.9571  0.9767  1.0000
GRID
  0.0027  0.0055  0.0080  0.0108  0.0140  0.0181  0.0252  0.0432  0.0844  0.1292
  0.1560  0.1753  0.1917  0.2061  0.2185  0.2287  0.2389  0.2489  0.2583  0.2672
  0.2755  0.2849  0.2962  0.3092  0.3229  0.3378  0.3567  0.3829  0.4214  0.4883
  0.6062  0.7482  0.8333  0.8766  0.9037  0.9228  0.9410  0.9554  0.9765  1.0000
GRID
  0.0033  0.0063  0.0087  0.0114  0.0147  0.0191  0.0261  0.0421  0.0772  0.1233
  0.1565  0.1783  0.1949  0.2088  0.2212  0.2325  0.2432  0.2533  0.2626  0.2717
  0.2811  0.2911  0.3023  0.3149  0.3296  0.3470  0.3681  0.3959  0.4395  0.5228
  0.6626  0.7831  0.8462  0.8801  0.9046  0.9237  0.9418  0.9563  0.9762  1.0000
GRID
  0.0033  0.0064  0.0087  0.0114  0.0147  0.0189  0.0251  0.0373  0.0659  0.1122
  0.1517  0.1769  0.1946  0.2096  0.2227  0.2350  0.2462  0.2563  0.2657  0.2750
  0.2848  0.2953  0.3066  0.3198  0.3349  0.3528  0.3752  0.4032  0.4519  0.5483
  0.6869  0.7978  0.8517  0.8832  0.9061  0.9259  0.9434  0.9575  0.9769  1.0000
GRID
  0.0036  0.0068  0.0092  0.0119  0.0152  0.0195  0.0255  0.0365  0.0610  0.1062
  0.1495  0.1781  0.1970  0.2120  0.2257  0.2380  0.2494  0.2599  0.2693  0.2790
  0.2887  0.2994  0.3111  0.3242  0.3399  0.3589  0.3825  0.4144  0.4676  0.5734
  0.7174  0.8127  0.8572  0.8842  0.9061  0.9246  0.9417  0.9561  0.9754  1.0000
